data/correct_t_minimum_average.asc
NCOLS 166 
NROWS 110 
XLLCORNER 695400 
YLLCORNER 4730600 
CELLSIZE 200 
NODATA_value 0 
[rows 60 to 79 of 110, columns 0 to 43 of 166]
-3.49899888038635 -3.74851989746094 -4.07336044311523 -3.65094566345215 -3.62491679191589 -3.79326415061951 -3.17283225059509 -3.12381911277771 -2.84255933761597 -2.86260843276978 -2.78339815139771 -2.81865978240967 -2.67037343978882 -2.68178009986877 -1.73487663269043 -1.4098573923111 -1.1483861207962 -0.00749585265293717 0.14486488699913 -0.140885517001152 -0.312043696641922 -0.516624093055725 -0.807415366172791 -0.874657094478607 -0.790090084075928 -0.910028398036957 -1.00170540809631 -1.10700953006744 -0.50727778673172 -0.354271590709686 -0.142206504940987 -0.140685454010963 0.0163666214793921 0.203137278556824 0.331037610769272 0.367900937795639 0.00327283819206059 -0.0875009223818779 -0.496171176433563 -1.01711308956146 -1.33555173873901 -1.64014029502869 -1.9170093536377 -1.26915574073792
-3.14868879318237 -3.2364284992218 -3.45051646232605 -3.66744804382324 -3.83925771713257 -3.76741194725037 -3.14699029922485 -2.85564231872559 -2.86904120445251 -3.2116162776947 -3.28884696960449 -3.30604434013367 -3.08962273597717 -2.77774167060852 -2.02445077896118 -1.37182223796844 -1.04996192455292 0.143367022275925 -0.0633817613124847 -0.125856518745422 0.756764769554138 0.0682146325707436 -0.730890929698944 -0.724465191364288 -0.994058609008789 -1.04306209087372 -0.869438529014587 -0.904897093772888 -0.556014239788055 -0.300193965435028 -0.429626494646072 -0.167972475290298 -0.165514796972275 0.143205627799034 0.24595433473587 0.563021540641785 0.366557955741882 0.0262445788830519 0.0660935491323471 -0.449999243021011 -0.949148118495941 -1.34047436714172 -1.34618246555328 -0.832858741283417
-2.93268537521362 -3.13914918899536 -3.28173518180847 -3.33674216270447 -3.41423392295837 -3.64773964881897 -3.02927374839783 -2.92945528030396 -2.86333727836609 -3.44727468490601 -3.66107225418091 -3.68154811859131 -3.39249777793884 -3.29740166664124 -2.73659157752991 -1.54472088813782 0.120790384709835 -0.603958427906036 -0.266038954257965 0.446819096803665 -0.775772631168365 -0.692734122276306 -0.252287417650223 -1.01046645641327 -1.17155063152313 -1.13233876228333 -0.968140065670013 -0.467548966407776 -0.509536921977997 -0.335865914821625 -0.407298654317856 -0.383110105991364 -0.346238911151886 -0.220851793885231 0.226391166448593 0.374306410551071 0.552844047546387 0.540644586086273 0.30748787522316 -0.0156171023845673 -0.562836408615112 -0.988168120384216 -0.784528076648712 -0.314661741256714
-2.88620972633362 -3.0349555015564 -3.10004091262817 -3.32127523422241 -3.43032717704773 -3.34253287315369 -2.97144937515259 -2.90577006340027 -3.37702798843384 -3.97175550460815 -4.00496912002563 -4.28682899475098 -3.69040107727051 -3.40732407569885 -3.14999103546143 -2.83657646179199 -0.730508327484131 -0.562550067901611 -0.411638855934143 -0.611644923686981 -1.73050463199615 -2.04457187652588 -0.539771735668182 -0.645835816860199 -1.24846172332764 -1.25421822071075 -1.13439047336578 -0.719312787055969 -0.723580539226532 -0.794373989105225 -1.04290997982025 -0.855237424373627 -0.867323338985443 -0.623910784721375 -0.558691024780273 0.410904914140701 0.522299885749817 0.588135600090027 0.681971251964569 0.139356195926666 -0.382873475551605 -0.44475993514061 0.00371288601309061 0.341541230678558
-3.32540726661682 -3.27412390708923 -3.21107578277588 -3.36525464057922 -3.50170350074768 -3.15237307548523 -3.06559205055237 -3.35086822509766 -4.10057687759399 -4.35898637771606 -4.29407596588135 -4.2951135635376 -4.07703018188477 -3.58209180831909 -3.04340076446533 -2.38649439811707 -1.69765114784241 -0.83426308631897 -0.991850316524506 -1.76572144031525 -2.0053699016571 -1.89599597454071 -1.696497797966 -0.568423748016357 -1.21037209033966 -0.937779426574707 -1.05217337608337 -0.880594074726105 -0.782306671142578 -1.26718235015869 -1.27869141101837 -1.17680466175079 -1.03513205051422 -1.11246228218079 -1.05088496208191 -0.00464109983295202 0.845965623855591 0.480205684900284 0.740897417068481 0.625590205192566 0.229501187801361 0.232627272605896 0.521406769752502 0.648711502552032
-3.72421622276306 -4.21412897109985 -3.85621500015259 -3.54207944869995 -3.47283244132996 -3.30897450447083 -3.60813641548157 -4.01914834976196 -4.32487821578979 -4.10337591171265 -4.11523246765137 -4.26027297973633 -4.1047625541687 -3.49210715293884 -2.49521708488464 -1.95637547969818 -1.66161322593689 -1.51339638233185 -1.76458823680878 -2.84098172187805 -2.43571043014526 -2.38810729980469 -2.19639873504639 -1.71754229068756 -1.35335493087769 -1.22007465362549 -0.985823690891266 -0.537154078483582 -1.00276076793671 -1.28572857379913 -1.52976131439209 -1.65999031066895 -1.46254813671112 -1.49839007854462 -1.26064312458038 -0.797516524791718 0.0725686028599739 0.658440887928009 1.07873153686523 0.909369945526123 0.823059976100922 0.669904589653015 0.734924674034119 0.948383629322052
-3.97136235237122 -4.23308515548706 -4.67645025253296 -4.30991649627686 -3.85315465927124 -3.63403487205505 -3.95559501647949 -4.28734159469604 -3.91534185409546 -3.84584522247314 -3.80813145637512 -4.01186609268188 -3.96721768379211 -3.1768479347229 -2.4154896736145 -1.88062059879303 -1.55847072601318 -1.49097514152527 -2.26142072677612 -2.81938147544861 -2.9269859790802 -2.70775270462036 -2.51305627822876 -2.54945635795593 -1.78744196891785 -1.46569335460663 -1.31589710712433 -1.50374805927277 -1.31340110301971 -1.3507604598999 -1.58781147003174 -1.83573770523071 -1.88337981700897 -1.7917982339859 -1.60547530651093 -0.845760762691498 0.0185839086771011 0.616805553436279 0.888008654117584 1.25399887561798 1.23488223552704 1.0262713432312 1.04231476783752 1.04609489440918
-4.49286127090454 -4.49016523361206 -4.60576009750366 -4.61998987197876 -4.62017440795898 -4.64470958709717 -4.55629873275757 -3.98825979232788 -3.74191689491272 -3.79100799560547 -3.75743246078491 -3.9310097694397 -3.79144144058228 -3.09453940391541 -2.40931248664856 -1.88002860546112 -1.68534898757935 -2.27952170372009 -2.79984545707703 -2.9814600944519 -3.17551374435425 -2.9143373966217 -2.93626070022583 -3.07812690734863 -2.79509806632996 -2.42718863487244 -1.71702814102173 -1.43490087985992 -1.36135685443878 -1.40356183052063 -1.66203808784485 -1.87634575366974 -1.83093798160553 -1.97897434234619 -1.3278614282608 -0.631431400775909 0.143228232860565 0.63005518913269 1.0451135635376 0.918241381645203 0.817762553691864 0.954743027687073 1.15244877338409 1.04738330841064
-4.49472999572754 -4.65587329864502 -4.55062627792358 -4.27380323410034 -4.17731714248657 -4.56616163253784 -4.23518371582031 -3.65410494804382 -3.34997510910034 -3.77036261558533 -4.10779857635498 -3.95266842842102 -3.61977124214172 -3.24474930763245 -2.48411202430725 -2.16119861602783 -2.29837584495544 -2.65395569801331 -3.29023003578186 -3.49308967590332 -3.29957938194275 -3.11758613586426 -3.1496946811676 -3.20129203796387 -2.98754620552063 -2.65882873535156 -2.43133211135864 -2.22788000106812 -2.07030892372131 -1.89610326290131 -1.5870144367218 -1.42107510566711 -1.45434844493866 -1.09895873069763 -0.497484117746353 0.129998251795769 0.749043464660645 1.02950298786163 0.879241347312927 0.686062872409821 0.645863175392151 1.11739897727966 1.06599736213684 1.24449610710144
-4.14973640441895 -4.03539276123047 -4.49495553970337 -4.10587882995605 -3.99220776557922 -3.95142340660095 -3.73105072975159 -3.45240044593811 -3.31432342529297 -3.5652928352356 -4.38374805450439 -4.39510917663574 -3.76403474807739 -3.44259119033813 -2.50496745109558 -2.43507742881775 -2.54013204574585 -2.67158651351929 -3.35038042068481 -3.74696850776672 -3.65779423713684 -3.54442858695984 -3.45920968055725 -3.26197409629822 -2.87555313110352 -2.47756218910217 -2.21714234352112 -2.03550934791565 -1.90970647335052 -1.73877501487732 -1.0237010717392 -0.941416442394257 -0.656419456005096 -0.0980824008584023 0.309382379055023 0.632017135620117 0.929960906505585 0.761424481868744 0.844292938709259 0.829988539218903 1.05980324745178 1.08000206947327 1.13499665260315 1.15238499641418
-3.34950160980225 -3.49132776260376 -3.62378978729248 -4.17836904525757 -4.03519344329834 -3.82697200775146 -3.49472570419312 -3.28552389144897 -3.44237613677979 -3.92600917816162 -4.75319528579712 -4.71153163909912 -4.27238368988037 -3.74061679840088 -3.36275839805603 -2.91135478019714 -2.76615142822266 -3.12002348899841 -3.77195882797241 -4.03244400024414 -3.99517703056335 -3.79094839096069 -3.40554904937744 -3.06497883796692 -2.76080346107483 -2.45261025428772 -2.28360986709595 -2.016765832901 -1.83548426628113 -1.77296900749207 -0.790866732597351 -0.14517442882061 0.360030591487885 0.518527150154114 0.713606238365173 0.851141333580017 0.828914642333984 1.09637892246246 0.590827882289886 1.07479691505432 1.1974858045578 1.23724830150604 1.23271751403809 1.09914517402649
-2.68471169471741 -2.99599742889404 -3.32511138916016 -3.65686655044556 -4.02026176452637 -3.5096697807312 -3.08918190002441 -3.02906584739685 -3.41341495513916 -4.28088140487671 -4.68565559387207 -4.81173038482666 -4.5351357460022 -4.15990781784058 -4.0237193107605 -3.41161584854126 -3.40926575660706 -3.35297298431396 -3.73473715782166 -4.08439350128174 -3.6333703994751 -3.1978235244751 -2.93811893463135 -2.81634163856506 -2.4702935218811 -2.11903691291809 -2.43676209449768 -2.22075510025024 -1.77212178707123 -1.19162321090698 -0.208425745368004 -0.0533401109278202 0.422365188598633 0.471194893121719 0.354491025209427 0.403145760297775 0.5236736536026 -0.266022384166718 0.445759862661362 1.22447752952576 1.37724506855011 1.35658860206604 1.26277565956116 1.35103094577789
-2.39848375320435 -2.61965131759644 -2.99925780296326 -3.57693719863892 -3.75587701797485 -3.17334508895874 -2.76125836372375 -2.8762571811676 -3.57135248184204 -4.08297395706177 -4.59146928787231 -4.58984565734863 -4.36280155181885 -4.21897125244141 -4.43704319000244 -4.2371678352356 -3.63016319274902 -3.69714832305908 -4.25991582870483 -4.25322961807251 -3.58977699279785 -2.9137487411499 -2.79835295677185 -2.47571873664856 -1.84115374088287 -1.68978273868561 -1.6712259054184 -1.4632443189621 -1.26200103759766 -1.24130737781525 -0.682498097419739 -0.0977491065859795 0.132501363754272 0.202742457389832 0.182813137769699 0.0265910923480988 -0.363173335790634 -0.404313087463379 0.558419346809387 1.13078093528748 1.71040415763855 1.37572813034058 1.36202824115753 1.27499961853027
-1.69695484638214 -2.2969868183136 -2.70663905143738 -2.93553876876831 -2.96286368370056 -2.66040253639221 -2.67368865013123 -2.54291701316833 -3.04315233230591 -3.50492334365845 -3.89229011535645 -4.01749086380005 -3.82524180412292 -4.62837266921997 -5.0726957321167 -4.55769205093384 -4.28023910522461 -4.58527755737305 -4.65533542633057 -4.43125295639038 -3.98263168334961 -3.1220064163208 -2.74399304389954 -2.44924998283386 -1.99065732955933 -1.39143061637878 -1.23070669174194 -0.932915985584259 -0.976803421974182 -0.678314566612244 -0.778415262699127 -1.01575171947479 -0.716493606567383 -1.03372490406036 -0.862050354480743 -1.14625334739685 -0.623692810535431 -0.0124277956783772 0.444655984640121 1.06903076171875 1.69877755641937 1.3877044916153 1.40226829051971 1.10434484481812
-1.79831826686859 -2.01617980003357 -2.50211524963379 -2.52282524108887 -2.12207341194153 -1.91181778907776 -1.99093341827393 -2.05583500862122 -2.46800637245178 -2.95609951019287 -3.01748776435852 -3.11218667030334 -3.43445348739624 -4.20314645767212 -4.73234701156616 -4.66998624801636 -4.60381698608398 -4.90191555023193 -4.98526477813721 -4.90217447280884 -4.20131874084473 -3.88413906097412 -3.67179417610168 -3.13581228256226 -2.63986968994141 -1.46988773345947 -1.11908292770386 -1.07129502296448 -0.858512103557587 -0.799470961093903 -0.874078094959259 -0.974730730056763 -1.2618248462677 -2.07502341270447 -1.57811164855957 -0.919849395751953 0.0320602171123028 0.400416225194931 0.975635230541229 1.30576264858246 2.01813912391663 1.78776276111603 1.818075299263 0.997903287410736
-1.72326481342316 -1.98480916023254 -2.63603806495667 -2.46803522109985 -1.83544492721558 -1.69783556461334 -1.57297956943512 -1.58199787139893 -1.78050005435944 -2.18046832084656 -2.67290639877319 -2.78012824058533 -3.00318336486816 -3.7577121257782 -4.27972030639648 -4.49438238143921 -4.30264091491699 -4.27205562591553 -4.78649187088013 -4.31010293960571 -4.23145580291748 -4.34347534179688 -4.2046365737915 -3.68273115158081 -3.17154598236084 -2.61464715003967 -1.26638603210449 -1.06969630718231 -1.16933643817902 -0.992182731628418 -1.06577527523041 -0.911742091178894 -1.4411244392395 -2.34626507759094 -1.38977837562561 -0.640649735927582 0.300558865070343 0.539817869663239 0.635166764259338 1.43649792671204 1.9125736951828 1.8656257390976 1.79537093639374 1.15789151191711
-2.11655187606812 -2.33773326873779 -2.87977623939514 -2.7072606086731 -2.01591491699219 -1.71113669872284 -1.48139321804047 -1.36735236644745 -1.71920275688171 -1.54042994976044 -2.01245999336243 -2.52195858955383 -2.7697491645813 -3.43930268287659 -3.94513487815857 -3.91394829750061 -3.85000133514404 -4.22967386245728 -4.19922208786011 -3.78941917419434 -4.17173099517822 -4.49701595306396 -4.50089931488037 -4.32585144042969 -3.93131804466248 -3.04780411720276 -2.43759751319885 -1.51141726970673 -1.50082993507385 -1.39291656017303 -1.24022662639618 -1.76904606819153 -2.35314893722534 -2.23122382164001 -1.63181209564209 -0.7768794298172 0.132430598139763 0.385387778282166 0.708741128444672 1.04518711566925 1.88177585601807 1.93430685997009 1.86089622974396 0.980247735977173
-1.98188126087189 -2.5570764541626 -3.01235628128052 -2.46120023727417 -2.06302332878113 -1.71943652629852 -1.27128636837006 -1.14913809299469 -1.34896755218506 -1.51026427745819 -1.93420624732971 -2.23617482185364 -2.49143385887146 -3.43497705459595 -3.71519899368286 -3.84871673583984 -3.79930448532104 -3.74163579940796 -3.54488492012024 -3.16779065132141 -3.74673438072205 -3.96525168418884 -4.42409420013428 -4.63881301879883 -4.43932104110718 -3.54387354850769 -2.66070675849915 -2.4822690486908 -2.38762211799622 -2.16993117332458 -2.19493246078491 -2.50862908363342 -1.64148187637329 -1.35976076126099 -1.06623375415802 -0.227315753698349 0.555242538452148 0.968854904174805 1.17523956298828 1.43614196777344 1.74045658111572 2.01987838745117 1.5459531545639 1.17278432846069
-2.14100885391235 -2.57539677619934 -2.97524309158325 -2.34244608879089 -1.94915652275085 -1.66993069648743 -1.14295411109924 -0.888844072818756 -0.984573066234589 -1.30399250984192 -1.91455173492432 -2.18708443641663 -2.62028956413269 -3.0300726890564 -3.40848278999329 -3.60568523406982 -3.64515328407288 -3.23626685142517 -2.80302500724792 -3.0267448425293 -3.30913257598877 -3.57075142860413 -3.89796876907349 -4.38178682327271 -4.54865789413452 -3.92782425880432 -3.26305103302002 -3.16529512405396 -2.919353723526 -2.5353946685791 -2.71249628067017 -2.22362375259399 -1.42967367172241 -0.980601012706757 -0.388281762599945 0.332425266504288 0.886405944824219 1.43716418743134 1.5347011089325 1.94108724594116 2.28009223937988 2.1360924243927 2.12376999855042 1.42975556850433
-2.67339992523193 -2.99363255500793 -2.88239288330078 -2.39256525039673 -1.90350866317749 -1.53108656406403 -1.06887829303741 -0.747778654098511 -0.772648692131042 -1.02385008335114 -1.30944609642029 -1.97698080539703 -2.25838661193848 -2.63801145553589 -3.23278093338013 -3.03360319137573 -3.23803210258484 -2.38407778739929 -2.42906975746155 -2.85293745994568 -3.02223873138428 -3.36557340621948 -3.74767446517944 -4.06941175460815 -4.29481029510498 -4.04598808288574 -3.44293117523193 -3.57291173934937 -3.47796320915222 -3.40901231765747 -2.94287276268005 -2.04296112060547 -1.19335913658142 -0.816283762454987 0.0388469584286213 0.665577828884125 1.37774479389191 1.43686366081238 1.80185854434967 2.31983828544617 2.46727752685547 2.1427640914917 1.84037125110626 1.69242894649506
