data/correct_t_minimum_average.asc
NCOLS 166 
NROWS 110 
XLLCORNER 695400 
YLLCORNER 4730600 
CELLSIZE 200 
NODATA_value 0 
[rows 0 to 19 of 110, columns 0 to 43 of 166]
-1.711563706398010 -0.813901424407959 -1.17231607437134 -0.599053621292114 -0.473602950572968 -0.248460426926613 -0.365158677101135 -0.903256356716156 1.39693474769592 1.2726526260376 1.91525661945343 2.0128321647644 2.08492970466614 1.68310141563416 1.29918611049652 1.87060058116913 1.42768561840057 1.40327119827271 1.37492740154266 2.23000359535217 2.08748388290405 1.62035489082336 1.28401124477386 0.978167116641998 -0.123201668262482 0.180797919631004 0.0914181247353554 -0.377034425735474 0.452782899141312 0.70873087644577 0.58022528886795 0.436527252197266 0.497721254825592 0.386955916881561 -0.0382197573781013 0.367893904447556 0.252509206533432 -1.01612544059753 -1.43720233440399 -1.52981007099152 -1.37027490139008 -1.97663629055023 -2.20551133155823 -2.18491744995117
-2.18612337112427 -2.11168527603149 -1.93453979492188 -0.806584417819977 -1.21683847904205 -1.30925810337067 -1.06199884414673 0.574570596218109 0.285779893398285 1.73167455196381 2.06656861305237 2.19588923454285 1.43594324588776 1.43486964702606 1.89708590507507 1.92127931118011 1.90871632099152 2.34826421737671 1.95521032810211 1.9615752696991 2.21286153793335 1.72075021266937 0.712679147720337 0.44269934296608 0.447897553443909 0.457766264677048 0.705730557441711 0.142150521278381 0.653299391269684 1.01739895343781 0.926120400428772 0.892818808555603 0.69414359331131 0.62042760848999 0.397860914468765 0.364900469779968 0.550525903701782 -0.0628532692790031 -0.675193727016449 -1.24561643600464 -1.71608340740204 -1.59837281703949 -1.50194704532623 -1.74587273597717
-1.48289310932159 -1.59333777427673 -1.18099117279053 -0.854710042476654 -0.811608195304871 -0.690850436687469 -0.924158930778503 -0.124939762055874 0.48157525062561 1.5349018573761 1.70743882656097 1.49152719974518 1.43762457370758 1.43609666824341 1.96106827259064 1.86387121677399 2.11437749862671 1.73135793209076 2.23933696746826 1.96121692657471 1.58802592754364 1.89972352981567 0.745043635368347 0.674368023872375 0.833894550800323 0.71466326713562 0.637254595756531 0.503552556037903 0.74212259054184 1.31954109668732 1.50443148612976 1.53582537174225 1.38736760616302 1.19674587249756 1.02091085910797 1.47130453586578 0.241105899214745 0.281749904155731 -0.499518662691116 -1.20701217651367 -1.14083826541901 -1.1056193113327 -1.61475682258606 -1.57833647727966
-1.26538181304932 -1.09896755218506 -0.934175550937653 -0.783724427223206 -0.2711161673069 0.0035882480442524 0.122451893985271 -0.235052138566971 1.04465210437775 1.54607784748077 1.75168263912201 1.60619127750397 1.60588145256042 1.36408913135529 1.19074678421021 1.06522357463837 1.63041377067566 1.49372851848602 2.17430806159973 2.194748878479 2.09711098670959 1.70138454437256 1.11197578907013 1.03654265403748 1.05057489871979 0.952683091163635 1.19246697425842 0.932604908943176 1.05606162548065 1.45451629161835 1.30814909934998 1.03856813907623 1.11411428451538 0.959858238697052 0.792858898639679 0.503633975982666 0.537803590297699 0.263955414295197 -0.0701438039541245 -0.828106701374054 -0.875281631946564 -0.949794054031372 -0.834658265113831 -1.85923445224762
-0.995654940605164 -0.763678848743439 -0.583826124668121 -0.633647322654724 -0.140653893351555 0.026148583739996 0.370149582624435 0.605467259883881 0.553269863128662 1.13666093349457 1.7504985332489 1.36496365070343 1.35740339756012 0.347754031419754 1.3258992433548 1.99978590011597 1.66552221775055 2.04156112670898 2.06958532333374 1.82761991024017 2.00395345687866 1.65362191200256 1.19361472129822 1.24159920215607 1.23717653751373 1.27330195903778 1.53839647769928 1.90675675868988 1.29459619522095 1.48487770557404 1.12107014656067 0.42119300365448 0.375464916229248 0.136239632964134 0.738645076751709 0.984579384326935 0.40416556596756 0.389868885278702 0.30336457490921 -0.299479782581329 -0.705904424190521 -0.843763411045074 -1.73357534408569 -2.24557089805603
-1.2114964723587 -0.950305283069611 -0.607384443283081 -0.352187812328339 -0.187820106744766 0.23754657804966 0.529937386512756 0.85942268371582 0.765063226222992 1.31978619098663 1.93163728713989 1.1479252576828 0.0148875312879682 1.35467922687531 1.81014776229858 1.77664637565613 2.02134466171265 1.96968996524811 1.62091982364655 1.89483022689819 1.8908668756485 1.6990624666214 1.27387726306915 1.51749455928802 1.53265166282654 1.23447251319885 1.65816259384155 1.71069705486298 1.33921098709106 0.874126076698303 0.185818240046501 -0.285515934228897 -0.174190312623978 -0.309275060892105 -0.228571340441704 0.226936161518097 0.518684267997742 0.536127984523773 0.332751572132111 0.388804256916046 -0.424592763185501 -1.4995139837265 -1.87222945690155 -2.29473185539246
-1.02095854282379 -0.884247779846191 -0.672378420829773 -0.182861104607582 0.035246267914772 0.745729863643646 0.770503580570221 1.36188054084778 1.38265144824982 1.56127619743347 1.16058123111725 0.233797177672386 0.0667643919587135 0.849158644676208 1.33539688587189 1.8039882183075 2.01909732818604 2.08373379707336 2.05614399909973 1.82587790489197 2.08312463760376 1.41074359416962 1.42161524295807 1.30369925498962 1.62018823623657 0.796868920326233 1.26858222484589 1.12175679206848 0.383644133806229 0.0907720699906349 -0.119402766227722 -0.62127411365509 -0.551404237747192 -0.606063783168793 -0.804833114147186 -0.516489446163177 -0.424535542726517 -0.029389426112175 0.184860900044441 0.0799792408943176 -0.130203112959862 -0.775785744190216 -1.54105830192566 -2.36688899993896
-1.76935303211212 -0.349355190992355 -0.245159432291985 -0.0520464330911636 0.439256727695465 0.804286241531372 1.46564376354218 1.53900933265686 1.46153688430786 1.69794189929962 0.785804927349091 0.0285319127142429 0.856300890445709 0.807934582233429 1.48536622524261 1.27498626708984 1.31695294380188 2.15218448638916 1.71182119846344 0.357438892126083 0.225432574748993 0.546461939811707 0.890065908432007 0.838280916213989 0.791204929351807 1.02461385726929 -0.223468437790871 -0.207393184304237 -0.489510208368301 -0.557811558246613 -0.924525320529938 -0.83964216709137 -0.829088568687439 -0.93289577960968 -1.10734307765961 -1.00062036514282 -0.91293728351593 -0.638002574443817 0.154850795865059 0.293524146080017 0.0387959182262421 0.252181470394135 -1.77903580665588 -2.32518672943115
-1.15235614776611 -0.899968802928925 -0.277540117502213 0.0399982370436192 1.22872519493103 1.46465659141541 1.45825099945068 1.71229815483093 1.48107326030731 1.17249357700348 -0.0253994427621365 0.276245325803757 0.821987271308899 1.22205519676208 1.27823519706726 1.3884699344635 1.85169970989227 2.17736220359802 2.07517290115356 1.44314527511597 0.966092586517334 1.27008354663849 1.31052827835083 1.33960223197937 1.36608362197876 0.99042546749115 -0.770764410495758 -0.982221603393555 -1.03872561454773 -0.701237261295319 -1.29465436935425 -1.08182084560394 -1.21431422233582 -1.40388429164886 -1.23063707351685 -0.80342173576355 -0.827802717685699 -0.96935909986496 -0.745711028575897 -0.59389191865921 -0.522545397281647 -0.120388120412827 -0.722990095615387 -2.16315579414368
-0.405772119760513 -0.0826252624392509 -0.385469079017639 -0.000673227710649371 1.42872250080109 1.76952755451202 1.44051480293274 1.35645627975464 1.40599763393402 0.825338900089264 0.324959248304367 0.685373663902283 0.811069786548615 1.32716453075409 1.54266119003296 2.00658679008484 2.24169278144836 2.07475519180298 2.08974575996399 2.35261869430542 1.68844425678253 1.97616291046143 2.18371987342834 2.11783599853516 1.51428556442261 0.771623253822327 0.257283002138138 -0.417030096054077 -1.03106009960175 -1.16136705875397 -1.58173549175262 -1.84878385066986 -1.60818552970886 -1.81818044185638 -1.3805924654007 -1.15992760658264 -1.60454511642456 -1.19359934329987 -1.24211263656616 -1.02716398239136 -0.731457769870758 -0.545187413692474 -1.42059504985809 -1.84542441368103
-0.474258840084076 -0.135028719902039 0.199340760707855 0.582972884178162 0.943874478340149 1.34291231632233 1.27401638031006 1.40848922729492 0.797423601150513 -0.00583541905507445 0.244966313242912 1.06209850311279 1.38826513290405 1.48600387573242 1.47091436386108 1.61601626873016 2.03215551376343 1.86586356163025 1.83164715766907 1.8676872253418 1.8005485534668 1.58275055885315 1.42520093917847 1.5574095249176 1.27261626720428 0.720846056938171 0.216375529766083 0.25575789809227 -0.173499763011932 -0.995794415473938 -1.22199988365173 -1.38823556900024 -2.36070680618286 -2.12651491165161 -1.99060010910034 -2.01301503181458 -1.57050502300262 -1.40879452228546 -1.04976761341095 -1.00052356719971 -0.960170984268188 -0.83319079875946 -1.00376677513123 -1.99110805988312
-0.893392741680145 -0.2059435993433 0.535965740680695 0.761887907981873 1.23507630825043 1.2264199256897 1.2782416343689 1.03811037540436 0.0587085075676441 0.32256555557251 0.514497935771942 0.997740566730499 1.3565092086792 1.41124188899994 1.36309289932251 1.72535192966461 1.68265187740326 1.60881674289703 1.60802721977234 1.51997089385986 1.80888426303864 1.92557859420776 1.41759955883026 1.30600190162659 1.06644129753113 1.02065765857697 0.611441910266876 0.45154857635498 0.230548024177551 0.116499543190002 -1.22019636631012 -1.0903697013855 -1.95434248447418 -2.1985719203949 -2.20026254653931 -2.12893605232239 -2.03189277648926 -1.89444303512573 -1.4150527715683 -1.29411804676056 -1.28563332557678 -0.86887127161026 -1.06417894363403 -1.66473746299744
-0.413745313882828 0.326008558273315 0.664431571960449 0.874456763267517 0.979645907878876 1.25838601589203 1.09501838684082 -6.16639299551025e-05 0.138492450118065 0.84525865316391 1.23934519290924 1.36328423023224 1.50141453742981 1.74929261207581 1.40477311611176 1.23080658912659 1.31347596645355 1.62390375137329 1.8073605298996 1.54786252975464 1.58786153793335 2.05330324172974 1.71644926071167 1.69195640087128 1.26136088371277 1.42626762390137 1.32468354701996 0.877241551876068 0.768402576446533 0.102405242621899 -0.866035044193268 -1.07043051719666 -1.50879871845245 -2.41251111030579 -2.47996950149536 -2.2610559463501 -2.20198011398315 -2.32059335708618 -1.98941290378571 -1.61585009098053 -0.915554165840149 -1.17742514610291 -0.89831954240799 -1.40711271762848
0.554043114185333 0.703606009483337 0.79001122713089 1.24436295032501 1.28563094139099 1.11563789844513 0.209723904728889 -0.416672468185425 0.740577876567841 0.809656918048859 1.26664113998413 1.2943434715271 1.48722755908966 1.3270251750946 1.60944616794586 1.48825120925903 1.39632654190063 1.60223627090454 1.87829029560089 1.57180428504944 1.45366954803467 2.0571186542511 2.08490562438965 1.82767188549042 2.08770084381104 2.09369778633118 1.58305621147156 1.36010694503784 0.567623913288116 0.316760569810867 -1.02063691616058 -1.61622643470764 -1.77366018295288 -1.53759181499481 -2.01339721679688 -2.58566975593567 -2.31329751014709 -2.24862885475159 -2.26619434356689 -2.05332779884338 -1.26288330554962 -0.863373637199402 -0.975327849388123 -1.47358179092407
0.479393661022186 0.789312601089478 1.10361361503601 1.13956367969513 1.22983694076538 0.478625893592834 -0.501501619815826 0.781715929508209 0.941999554634094 1.269944190979 1.29938447475433 1.23215222358704 1.37338876724243 1.32490825653076 1.31363749504089 1.30645561218262 1.52203357219696 2.0094473361969 2.02841401100159 1.89121377468109 1.62417840957642 2.15893173217773 1.71706056594849 2.10306549072266 2.16041159629822 2.02885293960571 1.86190056800842 1.07132863998413 0.0578921064734459 -0.223540440201759 -1.09994316101074 -1.52614414691925 -1.21985328197479 -1.41465306282043 -1.45334780216217 -1.84333229064941 -2.10509586334229 -2.42195844650269 -2.21338129043579 -2.2825026512146 -1.44774353504181 -1.01016342639923 -0.948134243488312 -1.5324342250824
0.764345049858093 0.875106632709503 0.754239916801453 1.23747229576111 0.678685247898102 -0.26773390173912 -0.133245438337326 0.43096125125885 1.02180290222168 1.70207118988037 1.34127116203308 1.30784833431244 1.17092394828796 0.9461909532547 0.646919548511505 0.497522562742233 1.92986285686493 2.18531227111816 1.84806954860687 1.60099256038666 1.76458537578583 2.02092361450195 2.0963089466095 1.76031792163849 2.08390688896179 2.08327150344849 1.46018326282501 1.49941062927246 -0.0316602177917957 -0.167373418807983 -0.522822439670563 -0.693894743919373 -0.804599106311798 -1.03921544551849 -0.926914930343628 -1.52045392990112 -1.80292642116547 -2.87571334838867 -2.78622841835022 -2.24938869476318 -1.58309650421143 -1.15106391906738 -1.30810630321503 -1.31002044677734
1.30516624450684 0.613272607326508 1.168572306633 0.706791877746582 0.431584239006042 -0.825789213180542 0.290265619754791 0.689547896385193 1.27039992809296 1.45205879211426 1.62050998210907 1.30369794368744 0.923941791057587 0.506832242012024 0.335064888000488 1.42739939689636 1.66899168491364 1.74358189105988 1.36823785305023 1.75339424610138 1.87917399406433 1.85914123058319 1.73789393901825 2.19724822044373 2.1128933429718 2.12631750106812 1.42125940322876 0.587648332118988 0.672568917274475 0.195358574390411 -0.108002580702305 0.14325724542141 -0.348928779363632 -0.380196750164032 -0.994047105312347 -1.38415849208832 -1.28923559188843 -2.13772177696228 -2.98829460144043 -2.31491112709045 -1.88558065891266 -1.45936191082001 -1.44311439990997 -1.20125222206116
1.36908793449402 0.991140067577362 0.977102279663086 0.535569429397583 -0.73724776506424 -0.23122926056385 1.10158967971802 1.66313123703003 1.67573368549347 1.32625496387482 1.58354234695435 0.489348381757736 -0.0640118047595024 0.226505160331726 0.0360540114343166 1.07802200317383 1.32807922363281 1.28327095508575 1.47154819965363 1.87216019630432 1.76194250583649 1.78406095504761 1.82615554332733 2.13882613182068 2.15242719650269 1.733438372612 1.2282772064209 1.21091794967651 0.743903398513794 0.422352224588394 0.547952890396118 0.372459977865219 0.0207762271165848 -0.336535751819611 -0.63459175825119 -1.18027412891388 -1.66285741329193 -2.04057192802429 -2.8665235042572 -2.50822472572327 -2.1887993812561 -1.52964913845062 -1.5039210319519 -1.18024039268494
0.708122253417969 1.23109030723572 0.606179594993591 -0.800276160240173 -1.20628845691681 -0.11735525727272 0.439564555883408 1.69630193710327 0.767769575119019 1.4608246088028 0.988869786262512 0.139304921030998 -0.596076250076294 -0.397335827350616 -0.00819276552647352 0.516470432281494 0.657093465328217 0.873465418815613 1.80544972419739 1.84566628932953 1.97971820831299 2.25817799568176 1.80003428459167 2.02403903007507 2.02979707717896 1.49526858329773 1.3519378900528 1.31664562225342 1.29313611984253 1.01412010192871 0.780994594097137 0.445069342851639 0.115927435457706 -0.621130645275116 -0.985582768917084 -1.18455874919891 -1.51187610626221 -2.07378959655762 -3.26849746704102 -2.84137058258057 -2.36008334159851 -1.82234942913055 -1.58793604373932 -1.49228417873383
0.405556887388229 0.91663658618927 0.223513245582581 -0.749253928661346 -0.898465096950531 -0.551345348358154 0.917441546916962 1.38886725902557 1.14301455020905 1.12280094623566 0.514658570289612 -0.325707137584686 -0.962270677089691 -0.870164930820465 -0.376222193241119 -0.202511563897133 0.196220532059669 1.22286450862885 1.58828938007355 1.97723495960236 1.93932557106018 1.91660451889038 1.45861625671387 2.08577990531921 1.66396653652191 1.74092090129852 1.97644305229187 1.42348861694336 1.54092597961426 1.12121963500977 0.592587351799011 0.419787883758545 0.724114239215851 -0.204790055751801 -0.747768402099609 -1.57547438144684 -1.56946551799774 -2.28823280334473 -3.13949465751648 -3.05346512794495 -2.79071664810181 -2.16784620285034 -1.75917816162109 -1.96165573596954
