data/correct_t_minimum_average.asc
NCOLS 166 
NROWS 110 
XLLCORNER 695400 
YLLCORNER 4730600 
CELLSIZE 200 
NODATA_value 0 
[rows 40 to 59 of 110, columns 0 to 43 of 166]
-2.55462718009949 -2.71196150779724 -2.79786419868469 -2.66180753707886 -1.84603524208069 -1.66986846923828 -1.47008180618286 -1.22428977489471 -1.21098291873932 -1.05624866485596 -1.1766654253006 -0.834088802337646 -0.759650409221649 -1.23115146160126 -0.974360108375549 -0.731611847877502 0.362840175628662 0.732480406761169 1.7176605463028 2.12094259262085 1.85096383094788 1.54181385040283 1.75740993022919 1.31249594688416 0.492042481899261 0.14193058013916 -1.40343272686005 -2.04686498641968 -1.5751588344574 -1.22730767726898 -0.596676111221313 -0.746740758419037 -0.341101765632629 -1.24563479423523 -1.78036940097809 -1.96432816982269 -2.25917983055115 -2.72070956230164 -3.39446711540222 -3.57013988494873 -3.1557788848877 -3.13289761543274 -3.05707216262817 -2.92384076118469
-2.80302047729492 -3.08006000518799 -3.03055882453918 -3.18669939041138 -2.1943519115448 -1.66215944290161 -1.41133165359497 -1.50892114639282 -1.26922607421875 -0.860677421092987 -0.553749084472656 -0.439439177513123 -0.342038571834564 -0.465597093105316 -0.388137847185135 -0.329544931650162 0.449839234352112 0.975378215312958 1.34921586513519 1.82402467727661 1.71353924274445 1.51650989055634 1.42269945144653 1.08187425136566 0.466898590326309 -0.291074901819229 -1.28717947006226 -2.11593675613403 -1.62343406677246 -1.30508172512054 -0.944951415061951 -0.806482076644897 -0.350828498601913 -0.963849723339081 -2.01410555839539 -2.14300179481506 -2.44379138946533 -2.95272493362427 -3.38053584098816 -3.7403666973114 -3.14283537864685 -3.10982751846313 -2.84408640861511 -2.88368821144104
-3.07184338569641 -3.26856446266174 -3.33895611763 -3.4364025592804 -2.59615516662598 -1.96123337745667 -1.57047438621521 -1.17731893062592 -1.11776840686798 -1.01053261756897 -0.66416472196579 -0.644648611545563 -0.319704324007034 0.133770257234573 0.439807713031769 0.435254603624344 0.212835937738419 1.09350919723511 1.37596988677979 2.20570230484009 1.66679453849792 1.73544025421143 1.39253830909729 1.23206770420074 0.190829947590828 -0.468050062656403 -1.3109427690506 -1.78125286102295 -2.05367040634155 -1.27539503574371 -0.792776167392731 -0.940166234970093 -0.891318321228027 -1.3465588092804 -1.74141311645508 -2.7806224822998 -2.92092227935791 -3.46277809143066 -3.32091617584229 -3.70932269096375 -2.82075428962708 -2.75945997238159 -2.28411674499512 -2.46571731567383
-2.87334609031677 -3.22780084609985 -3.54953956604004 -3.63000702857971 -2.74986910820007 -2.35142421722412 -2.11164736747742 -1.81246399879456 -1.30004739761353 -0.129652634263039 -0.00815508048981428 -0.173713460564613 0.234925583004951 0.64636754989624 0.674144387245178 0.683784604072571 0.726724922657013 1.31145107746124 1.71910762786865 1.52468526363373 1.86203396320343 1.80496382713318 0.995087921619415 0.439006596803665 -0.700264871120453 -1.34663081169128 -1.81271743774414 -2.8190655708313 -2.70180535316467 -1.68864047527313 -1.34178614616394 -1.05706548690796 -0.954555213451385 -0.948249876499176 -2.10281324386597 -2.46937108039856 -3.25089645385742 -3.58370423316956 -3.45981335639954 -3.52579116821289 -3.01313233375549 -2.51536130905151 -2.29424476623535 -2.11079502105713
-2.77193880081177 -2.99776124954224 -3.18929886817932 -3.19320225715637 -3.20450377464294 -2.59255409240723 -2.27852606773376 -1.77796256542206 -1.10476839542389 0.107268907129765 -0.0853747725486755 0.220587059855461 0.539624571800232 0.751249253749847 1.14206218719482 1.37566137313843 1.39164566993713 1.70302820205688 1.7626701593399 1.42187368869781 1.6911985874176 1.45127022266388 1.14192855358124 0.700926184654236 -0.109044775366783 -0.508962750434875 -1.897087931633 -2.11861276626587 -2.56509971618652 -1.89738500118256 -1.66409003734589 -1.21938014030457 -1.34315717220306 -1.16508543491364 -1.93133950233459 -3.17649006843567 -3.52901124954224 -3.54506301879883 -3.2438268661499 -2.83980822563171 -2.70697522163391 -2.40228295326233 -2.05710506439209 -1.91325056552887
-2.25765132904053 -2.58777165412903 -2.85528922080994 -2.76439571380615 -2.88438773155212 -2.06643676757812 -1.51856327056885 -1.08317565917969 -0.514005303382874 0.108885906636715 0.31232824921608 0.493325293064117 0.764538466930389 1.02458930015564 1.08281755447388 1.10701513290405 1.02895987033844 1.20585370063782 1.47223162651062 1.30283379554749 1.84238386154175 1.34347653388977 0.886133432388306 0.431040227413177 0.0602478943765163 -0.936368107795715 -1.52006924152374 -2.01531839370728 -2.62682938575745 -2.30817461013794 -2.32987332344055 -1.77272391319275 -1.58150386810303 -1.76498436927795 -2.96791768074036 -2.98180794715881 -3.17538094520569 -2.94787120819092 -2.73463416099548 -2.38280534744263 -2.18480777740479 -1.99659442901611 -1.90540039539337 -1.58695089817047
-1.75886046886444 -1.96304476261139 -2.24188208580017 -2.22927522659302 -2.36637020111084 -1.45372080802917 -0.944084405899048 -0.391625761985779 0.0830479189753532 0.358204901218414 0.465169697999954 0.291560769081116 0.79178512096405 1.21948993206024 0.6958829164505 0.978953957557678 1.18310022354126 0.947654783725739 1.32340264320374 1.22049987316132 1.13801729679108 1.78920722007751 0.90250426530838 0.916689515113831 0.458267390727997 -0.423155784606934 -0.888034880161285 -1.57662653923035 -2.32767295837402 -2.89064741134644 -2.42487621307373 -2.23751354217529 -2.3415219783783 -2.30655217170715 -3.13850617408752 -2.97137045860291 -2.61110901832581 -2.25744366645813 -2.0603187084198 -1.99840605258942 -1.59176909923553 -1.57285809516907 -1.53554034233093 -1.46664714813232
-1.14873468875885 -1.50640070438385 -1.78895604610443 -1.77390992641449 -1.44950580596924 -1.12494504451752 -0.610583066940308 0.0743467062711716 0.186944186687469 0.467654258012772 0.330387890338898 0.398339867591858 0.436899155378342 0.496378242969513 0.0985289290547371 0.0445152595639229 0.101161651313305 0.444696635007858 0.915988028049469 0.516463935375214 0.486091554164886 0.75528222322464 0.722267270088196 0.9401735663414 0.573478102684021 0.11588279902935 -0.658320724964142 -1.13881647586823 -1.82719898223877 -2.19141459465027 -2.84510827064514 -2.66129803657532 -2.46720337867737 -2.51670050621033 -3.17527198791504 -2.9242045879364 -2.42557978630066 -1.96378016471863 -1.67155742645264 -1.34375488758087 -1.29550397396088 -1.17155480384827 -1.15083503723145 -1.23883080482483
-1.06028199195862 -1.18659746646881 -1.24117708206177 -0.981778919696808 -0.91524076461792 -0.42461684346199 -0.246405422687531 0.250004857778549 0.255543500185013 0.345626205205917 0.497494608163834 0.141475573182106 0.0917145684361458 0.242337971925735 0.191846758127213 -0.441647320985794 -0.418709337711334 -0.0104142110794783 0.62745326757431 0.739067614078522 0.784278690814972 0.904838144779205 0.851527392864227 0.464677274227142 0.575111031532288 0.503524124622345 -0.424765437841415 -0.745837867259979 -1.4346559047699 -1.84530746936798 -2.67477321624756 -3.06707715988159 -2.62122631072998 -2.77794718742371 -3.32981634140015 -3.08397078514099 -2.35617923736572 -1.72816205024719 -1.33179259300232 -1.11115276813507 -0.895618379116058 -1.03187108039856 -0.872658729553223 -1.01095473766327
-1.08094561100006 -0.97489732503891 -1.08340561389923 -1.03443515300751 -0.526403069496155 -0.17043536901474 0.126650586724281 0.114293567836285 0.354223042726517 0.278564035892487 0.0549807175993919 0.199742913246155 -0.668051302433014 -1.22401976585388 -0.890947878360748 -0.467346847057343 -0.541399717330933 0.00889023393392563 0.594990253448486 0.470607042312622 1.07690417766571 0.944885671138763 1.09092688560486 0.501798033714294 0.389810919761658 0.0625034868717194 -0.204488143324852 -0.749490559101105 -1.15440905094147 -1.58182680606842 -2.25729894638062 -2.46737694740295 -2.60543751716614 -2.44213914871216 -2.65497446060181 -2.46093559265137 -1.95742511749268 -1.60178637504578 -1.06817519664764 -0.926439464092255 -0.793245732784271 -0.883027315139771 -1.38685476779938 -1.5327969789505
-1.30057728290558 -1.27150797843933 -1.21286535263062 -1.23018372058868 -0.297623783349991 -0.351785808801651 -0.197860613465309 0.187779575586319 0.47759547829628 -0.241952940821648 -0.176902264356613 -0.514940977096558 -0.748925685882568 -1.1780561208725 -0.974909782409668 -0.933872163295746 -1.16912853717804 -0.877653181552887 0.300646960735321 0.67815887928009 0.862559914588928 0.7150759100914 1.17436730861664 0.807697057723999 0.18591745197773 0.255720585584641 0.385211706161499 -0.307589292526245 -1.09987914562225 -1.52801179885864 -1.45450520515442 -1.91290879249573 -1.97858941555023 -2.15134596824646 -2.48107004165649 -1.99505746364594 -1.47645914554596 -1.04479157924652 -0.830515086650848 -0.772000730037689 -1.03036367893219 -1.42118835449219 -1.94573616981506 -2.14949607849121
-1.33125507831573 -1.40603673458099 -1.51951670646667 -1.63866114616394 -1.1526346206665 -0.997321009635925 -0.00239408644847572 -0.63352644443512 -0.0735495164990425 -1.16281080245972 -1.3146698474884 -0.91475784778595 -1.1470057964325 -1.37052357196808 -1.43303060531616 -1.35499608516693 -1.51533102989197 -0.972536444664001 -0.608922481536865 -0.117602244019508 0.529021084308624 0.632721900939941 0.89388245344162 1.50978243350983 0.477842062711716 0.468731939792633 0.171391904354095 -0.332133412361145 -0.497566938400269 -0.937466442584991 -1.05627679824829 -1.25640439987183 -1.64621090888977 -1.45818734169006 -2.10661196708679 -2.03248882293701 -1.09218156337738 -0.839700758457184 -0.668214201927185 -0.80839478969574 -1.24351060390472 -1.69090187549591 -2.29232478141785 -2.53872132301331
-1.64687550067902 -1.59184277057648 -1.64143049716949 -1.93650686740875 -1.55353796482086 -1.40735840797424 -1.16561365127563 -1.20822405815125 -1.59212756156921 -1.54345726966858 -1.48006415367126 -1.64513635635376 -1.80835270881653 -1.57489407062531 -1.50208342075348 -1.40513288974762 -1.25598418712616 -0.959267199039459 -0.60039234161377 -0.302729457616806 0.222746565937996 0.114634044468403 1.07835555076599 1.24734735488892 0.289154380559921 0.156340911984444 0.167093753814697 0.0830995887517929 -0.090753085911274 -0.168930783867836 -0.36282280087471 -0.835747122764587 -0.869224786758423 -1.41492605209351 -1.45354080200195 -1.55438637733459 -1.08303868770599 -0.768802464008331 -0.703645408153534 -0.96649569272995 -1.68115270137787 -2.06474423408508 -2.48254990577698 -2.65198636054993
-1.82548713684082 -1.80349540710449 -1.77465689182281 -2.20171165466309 -2.24653577804565 -1.95049560070038 -1.58519959449768 -1.47246372699738 -1.13859522342682 -1.35267210006714 -1.58369028568268 -1.6455717086792 -1.59549343585968 -1.69718873500824 -1.44086039066315 -1.28630876541138 -1.17127656936646 -0.918456256389618 -0.688354432582855 -0.462015986442566 -0.119600437581539 0.236613556742668 0.650027334690094 0.726722776889801 0.88503623008728 -0.256281286478043 0.285979330539703 -0.3240567445755 0.0708044394850731 0.000773590116295964 -0.310152918100357 -0.345552831888199 -0.173370778560638 -0.521200776100159 -0.909703493118286 -1.2887122631073 -0.910420060157776 -0.632904410362244 -0.656565427780151 -1.11079967021942 -1.747687458992 -2.35120964050293 -3.00103092193604 -3.05476927757263
-2.22751784324646 -2.1108546257019 -2.19679951667786 -2.2203426361084 -2.07999539375305 -1.72269260883331 -1.44146955013275 -1.32063460350037 -1.07314503192902 -1.42693507671356 -1.58801782131195 -1.8189605474472 -1.72209763526917 -1.58108806610107 -1.42029178142548 -1.25773191452026 -1.10397088527679 -0.852446734905243 -0.931708872318268 -0.581541955471039 0.345474243164062 0.71308034658432 0.933071076869965 1.03726327419281 0.729267477989197 -0.601064085960388 -0.416069000959396 -0.459992617368698 -0.338171422481537 -0.364396721124649 -0.514206767082214 -0.609795749187469 -0.566201746463776 -0.694274187088013 -0.948381185531616 -1.11286747455597 -0.722586035728455 -0.382827520370483 -0.561551511287689 -1.40076780319214 -2.09254860877991 -2.76572346687317 -3.1925196647644 -3.21904015541077
-2.40380239486694 -2.38267207145691 -2.31311655044556 -2.24996328353882 -2.01656436920166 -1.70061862468719 -1.60737836360931 -1.30468952655792 -1.50853192806244 -1.59330880641937 -1.58020210266113 -1.71203756332397 -1.71977686882019 -1.65089178085327 -1.34074473381042 -1.39970660209656 -1.1391464471817 -0.772400259971619 -0.704257786273956 0.298861682415009 0.734165072441101 0.563839673995972 0.316844910383224 0.90744823217392 0.275968372821808 -1.03786242008209 -0.957288324832916 -0.988622307777405 -0.657245993614197 -0.927750527858734 -0.783499896526337 -0.646352708339691 -0.830831706523895 -0.817583560943604 -0.988487720489502 -0.915132284164429 -0.565548837184906 -0.344630897045135 -0.799306273460388 -1.60490763187408 -2.08977317810059 -2.70717263221741 -3.22447538375854 -3.48807716369629
-2.71657991409302 -2.71964764595032 -2.53988361358643 -2.39239239692688 -2.20810461044312 -1.85470795631409 -1.67251944541931 -1.51116740703583 -1.700688123703 -1.79778790473938 -1.77960157394409 -1.75484561920166 -1.80788910388947 -1.85521507263184 -1.71509563922882 -1.41719150543213 -0.947770118713379 -0.87461531162262 -0.466285407543182 0.323209941387177 0.551354885101318 0.664668560028076 1.09850490093231 0.517154574394226 -0.827974736690521 -1.10882103443146 -1.08691298961639 -0.991379737854004 -1.18295645713806 -1.10105121135712 -0.960433721542358 -1.06403565406799 -1.14999639987946 -1.12506604194641 -1.06060039997101 -0.560616731643677 -0.339639246463776 -0.369155138731003 -1.16206574440002 -1.6885929107666 -2.05060052871704 -2.75860238075256 -3.2835111618042 -3.5196316242218
-3.09488344192505 -3.1072940826416 -3.02883434295654 -2.80575585365295 -2.63347578048706 -2.09249687194824 -1.94659519195557 -1.95969092845917 -2.28096294403076 -2.18789315223694 -2.30381488800049 -2.32581806182861 -2.30620217323303 -2.07559537887573 -1.81041610240936 -1.46037936210632 -0.852157771587372 -0.667525708675385 -0.277088105678558 0.418400913476944 0.419176578521729 0.411741763353348 0.346384584903717 -0.194585129618645 -0.904267549514771 -1.26466572284698 -1.1495281457901 -1.04065072536469 -1.03665149211884 -1.09572148323059 -1.33073377609253 -1.12703037261963 -1.31417870521545 -1.24520432949066 -0.856091916561127 -0.0577958710491657 -0.237727120518684 -0.59553861618042 -1.13953745365143 -1.5658860206604 -2.03318166732788 -2.66761040687561 -3.24597883224487 -3.24882769584656
-3.90898275375366 -3.67630243301392 -3.72926640510559 -3.40338349342346 -3.12368059158325 -2.75484132766724 -2.43464350700378 -2.28468823432922 -2.23581719398499 -2.37714600563049 -2.33956289291382 -2.44891381263733 -2.16823530197144 -2.28347754478455 -1.85646879673004 -1.2031147480011 -0.851364493370056 -0.646429657936096 -0.300197422504425 0.567757785320282 0.217590138316154 0.428568720817566 -0.151887759566307 -0.28453329205513 -0.867063939571381 -1.24944031238556 -1.12587249279022 -1.08880710601807 -1.01662635803223 -1.08651292324066 -1.09558415412903 -1.14109134674072 -1.22818410396576 -0.9512859582901 -0.489558696746826 0.0745452418923378 -0.103293284773827 -0.521961390972137 -1.15995860099792 -1.55459713935852 -2.0088517665863 -2.63180637359619 -2.93191742897034 -2.61302709579468
-4.27586317062378 -4.29029607772827 -4.11558532714844 -3.59095430374146 -3.25401592254639 -3.32222628593445 -3.05725526809692 -2.84417867660522 -2.78740572929382 -2.62340545654297 -2.37179589271545 -2.41253781318665 -2.37929821014404 -2.29075002670288 -1.98490798473358 -1.28792905807495 -0.962506592273712 -0.672821283340454 0.347105234861374 0.247343927621841 0.101773746311665 -0.0890151783823967 -0.494609743356705 -0.734557449817657 -0.834035515785217 -1.05392730236053 -0.978994429111481 -1.17207944393158 -1.15443813800812 -0.485721468925476 -0.513020753860474 -0.352855801582336 -0.73950731754303 -0.796096205711365 0.0915612429380417 0.27253332734108 -0.106129162013531 -0.475417762994766 -0.92884373664856 -1.36188685894012 -1.76965737342834 -2.37582087516785 -2.40516519546509 -1.79642677307129
