data/correct_t_minimum_average.asc
NCOLS 166 
NROWS 110 
XLLCORNER 695400 
YLLCORNER 4730600 
CELLSIZE 200 
NODATA_value 0 
[rows 20 to 39 of 110, columns 0 to 43 of 166]
0.895163416862488 0.207125246524811 -0.660924077033997 -0.964178740978241 -0.884143352508545 -0.72477525472641 0.562155246734619 1.46565020084381 1.41145765781403 1.02479588985443 0.350739359855652 -0.552827060222626 -0.652727603912354 -0.75972443819046 -0.76064658164978 -0.469037592411041 0.313369274139404 0.988602757453918 1.28911197185516 1.97631061077118 1.87721824645996 1.91005790233612 1.83936488628387 2.25574970245361 2.01069498062134 2.22984480857849 1.92513358592987 2.04739022254944 1.15020394325256 0.758268117904663 -0.0406453795731068 0.185822978615761 0.387083262205124 -0.237865954637527 -1.09477460384369 -1.3538955450058 -1.86927759647369 -2.33534383773804 -3.18692231178284 -3.61582493782043 -3.32112050056458 -3.03711724281311 -2.36029672622681 -2.29347109794617
0.94568657875061 -0.0616164244711399 -0.989356100559235 -1.38042068481445 -0.736410140991211 -0.140986874699593 0.994049549102783 0.953375577926636 1.42821860313416 0.331394582986832 -0.845812201499939 -1.14940977096558 -1.08048331737518 -1.00106406211853 -1.12040150165558 -0.2489403039217 -0.19289331138134 1.30072319507599 1.72396302223206 2.0723922252655 1.84421992301941 1.90197658538818 1.89155387878418 1.70973086357117 1.99862325191498 1.88827884197235 2.17125582695007 1.77218353748322 1.11129224300385 -0.00482897274196148 -0.401145219802856 -0.557306468486786 -0.116217434406281 -0.237551465630531 -0.553853452205658 -1.32155299186707 -1.80068123340607 -2.40527749061584 -2.76569557189941 -2.88468551635742 -3.10074663162231 -3.04241323471069 -2.88531684875488 -2.42426037788391
-0.235603094100952 -1.18497681617737 -1.22314131259918 -1.26898586750031 -0.617537975311279 -0.159967750310898 0.967839896678925 0.543194890022278 1.05956292152405 0.471381932497025 -0.64154988527298 -1.43642783164978 -1.99493885040283 -1.54428005218506 -0.792110979557037 -0.510802626609802 -0.203249469399452 0.716127574443817 1.71312355995178 1.94309389591217 1.88520061969757 2.18938064575195 2.01008224487305 1.75777459144592 2.15533661842346 1.76826453208923 1.86356329917908 1.77719831466675 1.45895326137543 0.704357862472534 -0.876414775848389 -0.978663980960846 -0.651604115962982 -0.354465425014496 -0.577940344810486 -0.951144874095917 -1.4911470413208 -2.00540018081665 -2.27746820449829 -2.61682677268982 -2.49356341362 -2.66468644142151 -3.22533106803894 -2.72079968452454
-0.4823257625103 -0.961444556713104 -1.21478831768036 -1.06445276737213 -0.853491067886353 -0.379965931177139 0.724639236927032 0.595840930938721 0.795329928398132 -0.318189978599548 -0.816905796527863 -1.09966313838959 -1.55430579185486 -1.96709775924683 -0.821176767349243 -0.473547995090485 0.166451916098595 1.04480648040771 1.56681501865387 1.73731255531311 2.20489168167114 2.19949793815613 1.98038554191589 1.82146215438843 2.31377983093262 2.16172313690186 1.519895195961 1.4278804063797 1.67752456665039 0.700501918792725 -0.602480292320251 -1.14969122409821 -0.986581683158875 -0.775710105895996 -0.897876441478729 -0.860064268112183 -1.38325440883636 -1.42389440536499 -1.59934639930725 -2.00947976112366 -2.19758820533752 -2.40299415588379 -2.66723847389221 -3.25170564651489
-0.664527595043182 -1.02265608310699 -2.01218485832214 -1.51045989990234 -1.15339267253876 0.197096407413483 0.920999228954315 0.297155231237411 0.60889458656311 -0.729680120944977 -1.01356756687164 -1.39112842082977 -1.36976718902588 -1.63321042060852 -1.25350666046143 -0.663664758205414 0.174769222736359 0.767089247703552 1.21167194843292 1.60334229469299 1.64892160892487 2.21262407302856 2.20644497871399 2.36092805862427 2.20617413520813 2.21532297134399 2.04495477676392 1.36821258068085 0.275983452796936 0.823788225650787 -0.359364122152328 -1.20355331897736 -1.23185479640961 -1.06491851806641 -1.07398414611816 -0.994229972362518 -1.27110075950623 -1.62262380123138 -1.47627735137939 -2.10507607460022 -2.45553874969482 -2.59980940818787 -2.71699953079224 -3.04562973976135
-0.981065690517426 -1.36404347419739 -2.01009511947632 -2.02443385124207 -0.829842746257782 0.237813889980316 0.883689761161804 0.390184223651886 0.299658685922623 -0.866536438465118 -1.19415295124054 -1.35396134853363 -1.52863109111786 -1.56868076324463 -1.20731174945831 -0.839045345783234 -0.325006425380707 0.909215927124023 1.83016324043274 1.87125027179718 1.89834928512573 2.1634829044342 1.89886927604675 2.1509861946106 2.16506361961365 2.26424980163574 1.97201263904572 1.51669597625732 0.835883557796478 0.590018272399902 -0.595707714557648 -1.26514661312103 -1.57114064693451 -1.57271897792816 -1.19198000431061 -1.20129466056824 -1.16829061508179 -1.53610801696777 -1.65261042118073 -2.17701482772827 -2.4117603302002 -2.4639356136322 -2.64821243286133 -2.91008949279785
-0.867707192897797 -1.40111184120178 -2.18311667442322 -1.14066112041473 -0.568173050880432 0.219160571694374 0.401294559240341 0.457561254501343 -0.156226605176926 -0.899932444095612 -1.12273073196411 -1.50055074691772 -1.88942193984985 -1.92136693000793 -1.3844667673111 -1.04630875587463 -0.00881843734532595 0.436665564775467 1.53309118747711 2.09894371032715 2.10447001457214 2.26076054573059 1.98752760887146 1.73438918590546 1.92163860797882 2.05472898483276 1.81035840511322 1.58702254295349 1.04715490341187 0.2471092492342 -0.629582285881042 -1.56089782714844 -2.07701921463013 -1.79980719089508 -1.35016512870789 -1.96995961666107 -1.87108385562897 -1.97426009178162 -2.25199699401855 -2.19994235038757 -2.45788836479187 -2.59008169174194 -2.63141345977783 -3.09040570259094
-0.921417355537415 -1.63501465320587 -2.2023823261261 -1.02275204658508 -0.618733763694763 -0.0463626831769943 0.170875236392021 0.148979932069778 -0.733135461807251 -0.937729120254517 -0.889142751693726 -1.22474420070648 -1.73265087604523 -1.99135208129883 -1.14595830440521 -0.191456571221352 0.463795900344849 0.575817048549652 1.27089023590088 1.63990902900696 1.63971018791199 2.20982050895691 2.05115246772766 1.81052327156067 2.1564667224884 2.20134782791138 1.99409592151642 1.39400100708008 0.977571249008179 0.0426759570837021 -0.702826738357544 -0.987174332141876 -1.57209515571594 -1.87926745414734 -2.31042432785034 -2.45535850524902 -2.27989864349365 -2.36402416229248 -2.74704456329346 -2.56329917907715 -2.57463097572327 -2.51223087310791 -2.71796298027039 -2.86187720298767
-0.986361265182495 -1.90493535995483 -2.31665968894958 -1.69373250007629 -0.432040214538574 -0.38539844751358 -0.130362048745155 -0.118012793362141 -0.312307775020599 -1.12190139293671 -1.13665950298309 -1.62151038646698 -1.56044912338257 -1.86032068729401 -1.33018040657043 0.180277243256569 0.856733977794647 0.954071342945099 1.35929119586945 1.87512612342834 1.83214998245239 2.1545193195343 1.73385083675385 1.66048955917358 1.63017821311951 1.92857229709625 1.50128781795502 1.04313349723816 0.861523270606995 0.0550966858863831 -0.579317390918732 -0.627055764198303 -1.18612456321716 -1.79205775260925 -1.85417520999908 -2.67723989486694 -2.97125744819641 -2.99740099906921 -3.48995852470398 -3.27531218528748 -3.12428212165833 -2.66661882400513 -2.86588478088379 -2.87335896492004
-2.16336393356323 -2.60078048706055 -2.85876107215881 -2.1853289604187 -0.797570288181305 0.317350417375565 -0.690742790699005 -0.263542145490646 -0.329508423805237 -0.562272071838379 -1.55881893634796 -1.87871098518372 -2.22426414489746 -1.96407771110535 -1.39612197875977 0.0937122479081154 0.698389887809753 1.51715016365051 1.53402817249298 1.84507274627686 1.47068786621094 1.84056961536407 1.42009592056274 1.8567179441452 1.54829692840576 1.40418446063995 1.37103021144867 1.52396929264069 1.19106018543243 0.378321915864944 0.0195877980440855 -0.559262216091156 -1.191037774086 -1.22676646709442 -1.38950860500336 -1.98217976093292 -2.22324466705322 -2.75059986114502 -3.12282252311707 -3.40693354606628 -3.56140279769897 -3.6240222454071 -3.22140645980835 -3.70154190063477
-2.96451044082642 -2.72970080375671 -2.59844064712524 -2.39809560775757 -1.42936432361603 -0.881750404834747 -0.566487431526184 -0.928523898124695 -0.203186735510826 -0.706600427627563 -2.50449895858765 -2.62126207351685 -1.77995276451111 -1.40040946006775 -1.11222386360168 -0.0942924246191978 0.786484241485596 1.52731156349182 1.95894253253937 1.74359202384949 1.73688960075378 1.94840908050537 1.59603190422058 1.73318922519684 2.10060048103333 1.21132230758667 1.60382950305939 1.22624862194061 0.992216169834137 0.803089261054993 0.434798896312714 -0.730469226837158 -0.991225183010101 -1.33818674087524 -1.46978831291199 -1.45420169830322 -1.83597874641418 -2.01120042800903 -2.40688228607178 -2.65923357009888 -3.07370328903198 -3.55904746055603 -3.94112873077393 -3.94033288955688
-2.68880605697632 -2.76823329925537 -2.5562744140625 -2.60665202140808 -2.4665801525116 -0.891574919223785 -1.00102615356445 -1.03150856494904 -0.663272380828857 -1.7135751247406 -2.24240469932556 -2.49876022338867 -0.987171769142151 -1.09880244731903 -0.256137758493423 -0.0410587638616562 0.519540250301361 1.34806716442108 1.50728762149811 1.8109575510025 2.18822026252747 1.5323338508606 1.37704634666443 1.38827216625214 1.80655062198639 1.5819206237793 0.416313916444778 1.25349283218384 0.836111128330231 0.912226974964142 0.459435999393463 0.248120918869972 -0.849525153636932 -0.925590097904205 -1.05144894123077 -0.888889908790588 -1.09885931015015 -1.51221001148224 -1.78622913360596 -2.33863472938538 -2.70109677314758 -3.23102331161499 -3.95279860496521 -4.07241725921631
-2.57542753219604 -2.37507390975952 -2.51877188682556 -2.21422290802002 -1.95607244968414 -1.90894210338593 -1.55377757549286 -0.912845194339752 -1.57250845432281 -1.99714291095734 -2.38780903816223 -2.57065939903259 -0.817576110363007 -0.473030418157578 0.321983218193054 1.01946032047272 0.929603934288025 1.57277703285217 1.70410394668579 2.1071093082428 2.25830507278442 1.99583721160889 1.55576801300049 1.29671919345856 1.21670913696289 0.778455197811127 0.403021842241287 1.20940542221069 1.37388586997986 0.541599214076996 0.615244328975677 0.462113469839096 -0.109880097210407 -0.101923763751984 -0.334694415330887 -0.694048345088959 -0.677267789840698 -1.18397080898285 -1.40530407428741 -1.771115899086 -2.18210482597351 -2.78569364547729 -3.65006542205811 -4.08962202072144
-2.51800656318665 -2.16982531547546 -2.23990821838379 -2.16289353370667 -2.0110867023468 -1.85134792327881 -1.86564469337463 -1.86532473564148 -1.89180147647858 -2.08655571937561 -2.53957509994507 -2.30742454528809 -1.42416703701019 -0.85309511423111 0.448284894227982 1.03270125389099 1.26808726787567 1.56262934207916 1.82406985759735 1.87491190433502 2.31600403785706 2.18715023994446 1.84738194942474 1.38902413845062 0.972325325012207 0.343673825263977 0.79020482301712 -0.385253638029099 0.887746572494507 1.19174575805664 0.447376549243927 0.489603579044342 0.0357035808265209 0.0028932464774698 -0.192041411995888 -0.138360753655434 -1.07393372058868 -1.2624146938324 -1.53806579113007 -1.61909282207489 -1.66651058197021 -2.48802852630615 -3.1707751750946 -3.68348693847656
-2.89865136146545 -2.47636914253235 -2.34404301643372 -2.12943983078003 -1.89416778087616 -1.69608664512634 -1.84372270107269 -1.79414021968842 -1.96831130981445 -2.00877165794373 -2.41305327415466 -2.14052391052246 -1.86900901794434 -1.15132975578308 0.296630889177322 0.698903620243073 0.61861926317215 1.51332819461823 2.10015559196472 1.97071540355682 1.74619424343109 2.24862289428711 1.71013522148132 1.20960760116577 -0.340614050626755 -0.0350409559905529 -0.0144114419817924 -0.61953067779541 -0.886690557003021 0.331352949142456 0.487040370702744 0.999058544635773 -0.142515078186989 -0.599593758583069 -0.548381090164185 -1.40644609928131 -1.46965324878693 -1.87129938602448 -1.95817458629608 -1.87381613254547 -1.68918490409851 -2.45969462394714 -3.42594623565674 -3.54433822631836
-3.41266870498657 -3.01220846176147 -2.66616058349609 -2.19215035438538 -2.29614567756653 -2.11728882789612 -2.01320576667786 -1.95254445075989 -1.94940412044525 -2.15047979354858 -2.23825669288635 -1.87639224529266 -1.69296908378601 -1.2357372045517 -0.421201109886169 0.186479195952415 1.19575262069702 1.43214857578278 2.17244720458984 1.77382326126099 1.57165515422821 2.06267690658569 1.93449854850769 1.4035929441452 -0.545121431350708 -0.451627850532532 -0.468089252710342 -0.641675770282745 -1.00902307033539 -0.0739443302154541 0.44169157743454 0.704634428024292 -0.383401840925217 -0.817725002765656 -0.932617664337158 -1.47360682487488 -1.97942078113556 -2.11044359207153 -2.39191031455994 -2.06981015205383 -2.27456378936768 -2.26480841636658 -3.31505179405212 -3.58552742004395
-2.92547678947449 -3.15868735313416 -3.33744311332703 -2.108971118927 -2.24336719512939 -2.18475890159607 -2.14976406097412 -2.14155793190002 -2.23419308662415 -2.33674573898315 -2.56006479263306 -2.23331165313721 -1.81788051128387 -1.80640363693237 -0.269222617149353 -0.404694467782974 0.989600956439972 1.35284984111786 1.68426895141602 1.86708855628967 1.91530323028564 2.08278703689575 1.89361071586609 1.01356756687164 0.494983911514282 -1.2143223285675 -0.845932126045227 -0.793033123016357 -0.945667088031769 -0.522403657436371 0.51193380355835 0.314563661813736 0.308355242013931 -0.88664048910141 -1.1603672504425 -1.60702967643738 -1.88072180747986 -2.44561767578125 -2.69939351081848 -2.81332349777222 -2.69260096549988 -3.21663093566895 -3.28328847885132 -3.54670166969299
-2.80162692070007 -3.08344888687134 -3.33376383781433 -2.72753071784973 -2.56379747390747 -2.62524247169495 -2.53686666488647 -2.35723567008972 -2.43566584587097 -2.47135519981384 -2.14784264564514 -2.22003889083862 -2.08793973922729 -1.58694589138031 -1.17954587936401 -0.356635749340057 0.50350558757782 1.23315155506134 1.61457061767578 2.07805824279785 1.85315573215485 2.1651349067688 1.90038824081421 1.01242554187775 0.318494558334351 -1.05146932601929 -0.922341823577881 -0.901291787624359 -1.24358570575714 -0.921158075332642 0.215522572398186 -0.122206427156925 0.412059307098389 -1.14245736598969 -1.34891879558563 -1.6144905090332 -1.85918390750885 -2.32541155815125 -2.99790525436401 -3.0672492980957 -3.19138860702515 -3.33396363258362 -3.63290119171143 -3.76651501655579
-2.61336159706116 -3.03763461112976 -3.13633632659912 -2.59224081039429 -2.12656760215759 -2.03158187866211 -2.24732303619385 -1.7905820608139 -1.5539470911026 -1.70830011367798 -1.80760276317596 -1.72057735919952 -1.54166555404663 -1.20266306400299 -1.0674797296524 -0.597337245941162 0.0747005790472031 1.22756922245026 1.70300090312958 1.95100700855255 1.87951040267944 2.1371636390686 1.61849462985992 1.21127724647522 0.552590548992157 -0.841137111186981 -1.3500725030899 -1.59463822841644 -1.1495349407196 -1.0307697057724 -0.0706705823540688 -0.0934082195162773 -0.45942547917366 -1.1214348077774 -1.43546628952026 -1.88805782794952 -2.2174665927887 -2.28420925140381 -2.86838316917419 -3.28306603431702 -3.66917419433594 -3.58681535720825 -3.73536396026611 -3.45877647399902
-2.65060877799988 -2.68118810653687 -2.66980957984924 -2.37738084793091 -1.99698996543884 -1.82806873321533 -1.46042144298553 -1.58946263790131 -1.72712314128876 -1.33439660072327 -1.37550115585327 -1.34556913375854 -1.28791689872742 -1.28120529651642 -1.10444629192352 -0.850280940532684 0.427881926298141 1.09225785732269 1.45500659942627 2.061527967453 1.90002930164337 1.8260749578476 1.50675594806671 1.46034288406372 0.405878812074661 0.052937239408493 -1.19849014282227 -2.24072813987732 -1.26239562034607 -1.0442214012146 -0.190361246466637 -0.37004828453064 -0.335080415010452 -1.19444632530212 -1.53863143920898 -1.82347977161407 -2.3317186832428 -2.94419312477112 -3.2334156036377 -3.36083388328552 -3.56653618812561 -3.480877161026 -3.16311311721802 -3.14521741867065
