data/elevation.asc
NCOLS 166 
NROWS 110 
XLLCORNER 695400 
YLLCORNER 4730600 
CELLSIZE 200 
NODATA_value 0 
[rows 38 to 75 of 110, columns 0 to 83 of 166]
2047 2087 2117 2040 1926 1913 1919 1913 1935 1962 1979 1951 1897 1889 1731 1622 1473 1360 1226 1063 1009 1110 1246 1396 1534 1670 1623 1654 1732 1679 1547 1439 1530 1634 1713 1758 1872 1972 2015 2001 2045 2085 2161 2207 2289 2176 2089 2060 2034 2046 2034 1975 1884 1853 1832 1829 1815 1765 1754 1787 1858 1940 2030 2101 2147 2172 2163 2207 2291 2247 2154 2121 2175 2162 2103 2058 2032 1987 2026 2054 2052 2024 2029 2022
2026 2115 2137 2075 2038 1988 1968 1965 1942 1924 1882 1869 1855 1805 1740 1618 1513 1403 1272 1102 1041 1124 1243 1388 1522 1661 1697 1731 1762 1679 1554 1455 1557 1683 1752 1787 1840 1952 2052 2126 2132 2169 2269 2260 2259 2170 2094 2066 2057 2022 1959 1890 1917 1916 1917 1938 1891 1859 1894 1816 1811 1904 1996 2057 2114 2108 2103 2119 2149 2121 2067 2080 2122 2112 2095 2088 2066 2108 2090 2010 1955 1903 1893 1907
1955 2060 2115 2002 1921 1894 1904 1861 1833 1850 1813 1800 1783 1713 1655 1596 1525 1390 1269 1134 1040 1089 1184 1338 1489 1626 1735 1843 1797 1683 1581 1477 1590 1676 1804 1860 1918 1964 2040 2124 2208 2235 2190 2165 2189 2155 2093 2080 2046 1999 1942 1936 1985 2038 2040 2013 1947 1976 1952 1868 1833 1879 2010 2070 2112 2123 2070 2075 2060 2059 2003 1996 2012 2011 1997 1966 1996 2018 1986 1942 1839 1783 1755 1760
1973 1990 2014 1950 1874 1810 1787 1770 1750 1737 1710 1731 1720 1695 1692 1627 1556 1414 1289 1137 1069 1132 1226 1351 1465 1611 1740 1869 1805 1726 1613 1514 1615 1739 1799 1849 1945 2087 2118 2156 2205 2127 2088 2087 2156 2171 2143 2124 2050 1993 2000 2011 2050 2094 2121 2101 2039 2022 1943 1877 1885 1919 1989 2098 2183 2067 2011 2033 2037 1981 1975 1959 1936 1909 1901 1861 1867 1869 1882 1790 1750 1700 1667 1658
2000 2032 2060 2053 1949 1839 1727 1707 1667 1644 1638 1627 1666 1662 1653 1617 1531 1387 1249 1106 1062 1141 1238 1358 1449 1602 1749 1859 1826 1762 1632 1542 1627 1745 1846 1898 1961 2053 2168 2265 2189 2118 2079 2077 2169 2221 2184 2132 2075 2078 2068 2073 2091 2142 2139 2084 2053 1981 1902 1857 1893 1925 1988 2030 2089 2044 1999 2009 1997 1978 1939 1934 1905 1888 1845 1819 1797 1772 1771 1723 1699 1690 1690 1649
2069 2068 2099 2170 2083 1897 1787 1736 1694 1650 1583 1568 1533 1562 1561 1534 1490 1339 1186 1079 1079 1182 1301 1432 1546 1683 1754 1888 1884 1825 1701 1587 1640 1787 1913 1942 1994 2087 2141 2231 2130 2032 2022 2071 2138 2216 2220 2194 2139 2130 2116 2121 2160 2146 2081 2046 1983 1911 1875 1893 2003 2018 2015 2059 2076 2015 1949 1920 1928 1903 1875 1832 1858 1855 1807 1804 1759 1743 1718 1721 1713 1716 1685 1700
2081 2134 2168 2185 2068 1932 1851 1792 1716 1690 1592 1564 1553 1493 1431 1450 1357 1271 1134 1075 1079 1209 1322 1475 1611 1736 1850 1942 1979 1879 1722 1646 1647 1760 1888 2011 2085 2174 2198 2204 2090 2002 1935 1976 2059 2129 2189 2239 2216 2188 2170 2179 2194 2137 2108 2065 1952 1912 1896 1959 2031 2081 2146 2118 2064 1963 1900 1903 1888 1889 1855 1804 1791 1768 1758 1750 1746 1733 1714 1741 1734 1756 1803 1779
2071 2125 2169 2168 2124 1989 1926 1891 1819 1636 1510 1474 1408 1377 1303 1294 1266 1195 1110 1078 1141 1242 1374 1500 1640 1773 1865 1981 1994 1867 1774 1730 1695 1798 1933 2053 2168 2232 2164 2138 2123 2014 1909 1913 1994 2066 2121 2209 2231 2204 2205 2268 2229 2181 2142 2050 1981 1952 1935 2020 2084 2191 2213 2153 2076 1965 1913 1903 1901 1898 1881 1861 1841 1770 1742 1715 1723 1711 1727 1805 1813 1827 1921 1941
2007 2078 2093 2093 2094 2010 1949 1871 1705 1614 1494 1421 1324 1272 1217 1188 1168 1142 1108 1095 1159 1261 1380 1488 1576 1723 1848 1910 1946 1927 1843 1787 1759 1856 2014 2132 2196 2199 2119 2048 2037 1955 1884 1869 1932 2030 2087 2123 2153 2122 2137 2177 2234 2158 2098 2057 2020 2012 2072 2061 2117 2213 2197 2101 2010 1960 1933 1919 1918 1907 1872 1854 1804 1754 1780 1731 1719 1731 1758 1844 1903 1890 1992 2073
1915 1992 1995 2000 2038 1956 1849 1715 1597 1494 1407 1364 1303 1260 1287 1283 1263 1231 1197 1145 1141 1249 1330 1441 1541 1657 1752 1890 1961 1998 1940 1888 1855 1932 2021 2086 2084 2053 2004 1952 1936 1867 1837 1844 1904 1988 2024 2074 2095 2091 2053 2079 2132 2175 2111 2080 2058 2136 2177 2165 2203 2135 2058 2020 2013 1982 1961 1918 1879 1863 1823 1817 1797 1765 1740 1756 1725 1715 1773 1834 1939 1979 1983 2053
1827 1840 1887 1915 1973 1822 1722 1592 1495 1443 1397 1343 1371 1417 1419 1406 1431 1382 1292 1274 1231 1204 1273 1364 1486 1587 1722 1827 1933 2001 2009 1967 1952 2004 2086 2054 2017 1920 1895 1854 1791 1777 1768 1783 1837 1888 1931 1989 2036 2019 1988 2029 2142 2191 2176 2153 2154 2221 2228 2246 2168 2098 2072 2065 2040 2028 2069 2000 1936 1928 1917 1853 1827 1803 1771 1773 1750 1734 1761 1831 1910 2034 2067 2104
1727 1745 1756 1759 1777 1703 1636 1566 1441 1423 1400 1391 1487 1477 1468 1466 1461 1434 1361 1286 1259 1256 1263 1301 1402 1522 1662 1771 1863 1940 2027 2004 1969 2000 2110 2058 2006 1875 1832 1755 1724 1714 1713 1731 1771 1829 1884 1955 1974 1959 1980 2045 2158 2241 2239 2213 2236 2263 2270 2226 2172 2119 2103 2089 2079 2177 2137 2061 2050 2066 2003 1927 1875 1842 1820 1809 1793 1749 1793 1821 1889 1926 2103 2079
1655 1645 1641 1658 1662 1589 1539 1475 1430 1437 1425 1465 1554 1653 1586 1563 1567 1509 1418 1353 1282 1247 1284 1380 1397 1481 1582 1671 1787 1883 1997 2051 2067 2032 2077 2054 1965 1848 1755 1696 1682 1726 1773 1808 1822 1825 1832 1852 1917 1943 2020 2075 2214 2164 2096 2135 2217 2251 2306 2276 2213 2165 2150 2177 2173 2250 2157 2102 2157 2130 2006 1937 1916 1863 1851 1832 1798 1808 1780 1822 1860 1901 1972 2015
1674 1679 1673 1680 1615 1517 1472 1462 1479 1559 1556 1539 1645 1691 1627 1645 1651 1598 1470 1388 1325 1267 1255 1410 1427 1439 1540 1648 1750 1830 1862 1924 2000 1927 2003 1971 1894 1785 1702 1674 1718 1839 1882 1901 1890 1867 1905 1922 1932 1986 2031 2126 2165 2102 2022 2055 2123 2149 2184 2269 2281 2243 2251 2276 2314 2269 2217 2214 2184 2107 2002 1974 1905 1866 1848 1820 1817 1843 1782 1812 1838 1852 1929 1954
1719 1737 1730 1724 1674 1624 1545 1524 1590 1696 1708 1647 1717 1706 1703 1736 1710 1644 1570 1458 1370 1281 1256 1317 1409 1411 1441 1580 1675 1746 1763 1821 1882 1883 1952 1943 1775 1692 1657 1699 1779 1854 1929 1971 1963 1941 1943 1983 1997 2001 2050 2090 2113 2029 1957 2004 2043 2040 2039 2093 2137 2210 2258 2288 2284 2287 2287 2222 2090 2033 1991 1940 1933 1899 1916 1868 1841 1851 1781 1754 1796 1818 1854 1882
1751 1756 1804 1848 1774 1717 1700 1659 1750 1807 1825 1747 1762 1757 1776 1767 1748 1683 1606 1509 1416 1376 1280 1282 1394 1408 1447 1539 1612 1672 1685 1756 1812 1825 1866 1869 1743 1652 1661 1758 1851 1918 1995 2021 2008 1985 1987 2027 2022 2050 2116 2098 2025 1989 1913 1934 1975 1982 1924 1939 1991 2076 2118 2167 2195 2259 2252 2152 2137 2116 2060 1984 1983 1985 1999 1948 1833 1806 1775 1728 1734 1781 1811 1815
1784 1801 1794 1877 1894 1864 1794 1782 1765 1764 1798 1789 1827 1797 1797 1783 1727 1687 1594 1523 1448 1411 1295 1332 1414 1427 1439 1450 1515 1544 1580 1634 1697 1732 1729 1747 1695 1634 1692 1798 1916 2027 2094 2063 2042 1995 2021 2060 2074 2095 2067 2017 1935 1903 1870 1865 1883 1854 1777 1807 1822 1888 1955 2039 2096 2178 2213 2218 2184 2110 2079 2115 2081 2095 2016 1935 1865 1831 1785 1739 1707 1760 1776 1782
1847 1847 1838 1900 1880 1824 1774 1757 1784 1754 1783 1827 1839 1821 1753 1717 1684 1676 1621 1535 1508 1411 1357 1368 1454 1521 1484 1505 1476 1482 1517 1543 1579 1612 1636 1672 1663 1630 1718 1858 1946 2052 2139 2118 2114 2099 2119 2134 2134 2133 2031 1996 1929 1855 1782 1763 1754 1757 1735 1725 1731 1788 1833 1925 1978 2079 2170 2236 2187 2155 2213 2133 2074 2008 1968 1954 1904 1854 1774 1749 1717 1729 1750 1726
1932 1894 1915 1875 1846 1795 1765 1761 1759 1761 1789 1828 1804 1777 1731 1712 1693 1635 1609 1562 1469 1382 1327 1368 1516 1598 1576 1543 1543 1554 1533 1559 1576 1600 1640 1665 1610 1654 1779 1890 1991 2118 2188 2153 2153 2151 2193 2219 2115 2054 2006 1951 1893 1820 1712 1692 1677 1693 1722 1785 1790 1755 1780 1836 1872 1955 2067 2148 2198 2216 2167 2130 2134 2087 2045 1982 1898 1801 1785 1761 1755 1721 1703 1705
1941 1919 1947 1921 1883 1825 1795 1757 1773 1793 1792 1803 1823 1832 1826 1809 1676 1623 1571 1511 1413 1340 1353 1454 1551 1613 1631 1612 1629 1594 1590 1599 1617 1604 1632 1629 1583 1673 1813 1925 2040 2116 2196 2245 2244 2220 2097 2035 1978 1959 1945 1903 1841 1746 1658 1655 1727 1791 1850 1911 1917 1873 1827 1789 1821 1889 1990 2081 2127 2132 2164 2137 2072 2068 1994 1920 1853 1846 1829 1810 1777 1754 1711 1690
2031 2003 1997 1956 1906 1828 1810 1829 1870 1895 1872 1894 1902 1908 1861 1781 1676 1618 1565 1483 1386 1338 1407 1505 1567 1639 1671 1680 1670 1664 1675 1681 1648 1655 1632 1573 1604 1709 1824 1899 2002 2130 2225 2221 2141 2073 1972 1917 1848 1819 1777 1758 1745 1707 1632 1677 1783 1882 1903 1982 1990 1942 1909 1860 1820 1855 1932 2016 2115 2129 2113 2089 2029 1984 1941 1895 1897 1873 1872 1841 1802 1773 1706 1667
2217 2152 2151 2094 2029 1946 1865 1868 1883 1910 1930 1937 1957 1914 1885 1800 1666 1630 1578 1447 1374 1383 1465 1528 1607 1667 1689 1680 1673 1667 1709 1716 1701 1682 1615 1554 1612 1716 1810 1879 2003 2119 2207 2124 2081 1932 1830 1786 1668 1628 1607 1601 1573 1593 1664 1701 1830 1942 2020 2020 2044 2024 1978 1966 1890 1844 1876 1950 2070 2150 2149 2104 2039 1986 1926 1907 1946 1923 1912 1873 1856 1777 1743 1678
2343 2311 2316 2184 2095 2071 2021 1997 1963 1921 1898 1908 1907 1926 1903 1746 1631 1587 1539 1451 1397 1447 1484 1524 1621 1683 1684 1676 1653 1642 1637 1641 1654 1639 1579 1534 1591 1707 1812 1903 2008 2106 2072 1998 1940 1863 1693 1651 1562 1535 1520 1549 1574 1602 1698 1742 1811 1928 2021 2084 2123 2130 2040 2003 1933 1860 1868 1906 2029 2119 2172 2145 2071 1982 1956 1965 1975 1966 1959 1954 1890 1803 1764 1700
2203 2273 2338 2182 2118 2221 2112 2078 2077 2029 1999 1964 1913 1902 1859 1792 1651 1618 1468 1432 1441 1519 1526 1554 1608 1643 1671 1699 1672 1639 1620 1591 1572 1545 1530 1519 1601 1679 1755 1844 1943 2007 2022 1861 1752 1683 1580 1534 1504 1569 1643 1637 1669 1708 1724 1784 1835 1935 2057 2085 2143 2089 2039 2044 2015 1911 1882 1911 2015 2101 2178 2160 2182 2084 2029 2033 2025 2012 1945 1908 1845 1817 1758 1704
2138 2190 2242 2223 2213 2255 2123 2042 2022 2102 2096 2082 2064 2009 1874 1784 1690 1602 1429 1489 1497 1531 1562 1592 1608 1630 1656 1628 1616 1601 1575 1566 1532 1514 1495 1482 1570 1609 1677 1769 1866 1922 1935 1794 1648 1571 1524 1491 1539 1630 1694 1716 1770 1781 1763 1797 1856 1947 2048 2159 2187 2120 2066 2117 2139 2020 1914 1930 2054 2173 2245 2218 2175 2145 2160 2151 2087 1993 1962 1898 1836 1766 1744 1683
2102 2133 2146 2177 2265 2288 2129 2026 2049 2171 2159 2137 2124 2094 1980 1852 1707 1595 1471 1520 1623 1681 1613 1584 1653 1648 1623 1620 1609 1601 1595 1595 1582 1549 1502 1479 1483 1516 1591 1685 1784 1849 1843 1654 1569 1498 1482 1525 1600 1677 1755 1816 1844 1843 1853 1877 1951 2030 2156 2239 2230 2211 2174 2280 2281 2145 2050 2042 2126 2231 2290 2242 2183 2198 2149 2060 2029 1975 1934 1876 1812 1733 1712 1671
2041 2096 2120 2140 2177 2251 2066 2046 2129 2198 2198 2247 2178 2152 2109 1979 1668 1585 1541 1646 1799 1842 1718 1611 1646 1668 1635 1626 1639 1674 1672 1676 1657 1641 1617 1534 1473 1519 1539 1637 1717 1763 1693 1607 1525 1462 1518 1634 1695 1754 1837 1894 1937 1908 1924 1978 2034 2153 2275 2409 2398 2364 2328 2431 2369 2211 2125 2183 2195 2247 2337 2314 2170 2121 2062 2017 1984 1953 1907 1859 1776 1724 1699 1721
2059 2077 2087 2110 2132 2123 2055 2131 2296 2341 2331 2350 2221 2157 2183 2056 1828 1689 1685 1808 1826 1855 1792 1685 1691 1695 1634 1630 1707 1782 1776 1737 1739 1751 1730 1646 1492 1459 1493 1597 1658 1626 1529 1494 1463 1458 1566 1693 1810 1879 1948 1999 2013 1997 2012 2060 2100 2178 2223 2310 2350 2409 2392 2371 2295 2250 2237 2232 2223 2226 2276 2302 2168 2091 2061 2015 1960 1929 1905 1789 1754 1740 1746 1799
2211 2259 2192 2155 2117 2092 2108 2219 2390 2365 2347 2383 2322 2232 2062 1952 1862 1793 1852 1950 1948 1900 1872 1841 1766 1700 1661 1674 1697 1810 1877 1817 1809 1799 1806 1737 1563 1486 1444 1543 1604 1527 1488 1425 1413 1479 1631 1720 1837 1946 2055 2116 2101 2078 2110 2141 2172 2199 2213 2256 2331 2386 2416 2332 2299 2281 2249 2230 2211 2234 2260 2259 2128 2075 2050 2031 2012 1922 1864 1794 1783 1771 1790 1858
2184 2352 2378 2288 2186 2130 2232 2317 2273 2265 2273 2312 2388 2175 2023 1886 1806 1822 1946 2064 2042 1992 1982 1967 1863 1787 1755 1738 1748 1768 1894 1917 1924 1914 1853 1823 1646 1502 1425 1473 1415 1425 1425 1389 1386 1517 1693 1746 1808 1876 1962 2030 2108 2204 2241 2230 2250 2281 2247 2289 2391 2462 2416 2330 2310 2272 2242 2243 2238 2224 2171 2138 2040 2003 2031 2029 2010 1981 1877 1806 1827 1835 1832 1895
2328 2321 2355 2418 2414 2378 2460 2315 2205 2214 2235 2257 2257 2149 2008 1866 1827 1953 2021 2066 2098 2096 2077 2035 2000 1876 1807 1818 1817 1824 1870 1968 1969 1965 1926 1831 1620 1494 1408 1393 1387 1345 1352 1352 1393 1470 1584 1748 1839 1875 1905 1947 2028 2130 2240 2306 2363 2401 2355 2385 2468 2499 2464 2392 2366 2293 2269 2266 2230 2231 2160 2123 2092 2054 1977 1915 1891 1878 1830 1826 1856 1881 1950 1963
2358 2382 2374 2328 2355 2428 2362 2263 2192 2249 2263 2254 2235 2138 2034 1878 1916 2021 2114 2139 2121 2076 2112 2171 2115 2074 1997 1941 2009 1948 1963 1949 1936 1952 1911 1773 1590 1450 1418 1436 1468 1393 1317 1353 1434 1504 1633 1808 1878 1938 1969 1985 2017 2068 2191 2312 2409 2408 2333 2350 2403 2346 2383 2456 2415 2359 2301 2262 2241 2232 2220 2242 2197 2160 2098 2036 2001 1963 1875 1855 1899 1943 2004 2103
2355 2377 2424 2291 2253 2288 2277 2180 2151 2226 2366 2307 2194 2132 1979 1940 1976 2020 2177 2244 2204 2172 2173 2162 2113 2025 1987 1997 1947 1931 1903 1836 1828 1765 1648 1564 1462 1412 1426 1481 1473 1404 1309 1364 1449 1542 1665 1879 1924 1984 2058 2097 2104 2121 2178 2266 2403 2303 2243 2266 2311 2266 2311 2433 2451 2415 2312 2280 2256 2252 2287 2376 2264 2135 2121 2119 2125 2077 2018 1964 1953 1952 1988 2090
2215 2217 2305 2322 2269 2248 2196 2128 2148 2258 2413 2418 2334 2175 2009 1996 2012 2074 2235 2267 2278 2261 2266 2191 2136 2016 1979 1928 1916 1894 1826 1733 1694 1628 1567 1519 1443 1438 1495 1422 1368 1313 1325 1440 1490 1638 1752 1827 1823 1901 2012 2125 2177 2242 2266 2329 2350 2257 2188 2187 2239 2176 2233 2390 2449 2435 2368 2323 2326 2357 2388 2365 2256 2179 2186 2203 2212 2139 2127 2097 2007 2006 2008 2052
2095 2132 2165 2226 2348 2252 2130 2111 2197 2342 2503 2510 2353 2237 2109 2097 2096 2120 2276 2370 2263 2216 2189 2158 2074 2037 2026 1971 1904 1919 1722 1600 1531 1506 1454 1444 1467 1601 1578 1408 1306 1288 1376 1422 1480 1565 1612 1680 1723 1759 1972 2026 2066 2161 2238 2229 2246 2200 2139 2113 2140 2131 2216 2325 2321 2341 2351 2412 2410 2437 2517 2424 2361 2318 2288 2373 2310 2230 2287 2169 2043 2056 2056 2072
2021 2073 2141 2235 2301 2122 2050 2093 2229 2386 2467 2465 2381 2370 2233 2173 2170 2187 2370 2300 2153 2095 2088 2103 1979 1908 1967 1981 1942 1872 1687 1646 1529 1500 1504 1542 1629 1665 1537 1392 1278 1296 1351 1358 1397 1454 1524 1598 1627 1684 1857 1873 2004 2099 2154 2136 2139 2138 2081 2017 2028 2101 2185 2217 2224 2228 2252 2328 2372 2390 2464 2487 2448 2367 2349 2448 2408 2331 2304 2168 2090 2163 2171 2108
1888 1999 2098 2151 2144 2056 2023 2058 2167 2303 2407 2370 2281 2397 2423 2374 2236 2288 2421 2408 2199 2112 2052 2007 1918 1851 1854 1821 1804 1807 1807 1756 1731 1706 1644 1752 1757 1647 1563 1394 1281 1302 1332 1341 1336 1349 1371 1431 1510 1656 1730 1803 1895 1991 1972 1982 2014 2048 2014 1970 1982 2031 2089 2125 2140 2183 2162 2217 2220 2251 2340 2372 2355 2301 2290 2307 2374 2396 2268 2165 2176 2231 2196 2110
1836 1893 1955 2037 2017 2011 1970 1990 2116 2183 2220 2233 2264 2446 2555 2488 2384 2509 2555 2504 2262 2150 2105 2080 1973 1847 1805 1751 1761 1751 1761 1787 1851 1852 1876 1856 1669 1588 1458 1390 1297 1267 1327 1433 1447 1445 1452 1441 1463 1594 1662 1730 1785 1846 1867 1872 1887 1883 1914 1903 1894 1927 1972 2010 2021 2049 2072 2091 2126 2156 2242 2260 2269 2239 2157 2193 2283 2371 2320 2233 2254 2182 2135 2090
