data/elevation.asc
NCOLS 166 
NROWS 110 
XLLCORNER 695400 
YLLCORNER 4730600 
CELLSIZE 200 
NODATA_value 0 
[rows 0 to 37 of 110, columns 0 to 83 of 166]
1694.000000000000000 1642 1589 1522 1463 1446 1408 1385 1335 1277 1145 1051 946 819 705 651 707 780 845 957 1017 1122 1202 1373 1499 1627 1677 1640 1582 1487 1454 1485 1532 1608 1623 1549 1533 1609 1644 1689 1724 1830 1914 2034 2140 2211 2263 2311 2306 2332 2236 2130 1993 1979 2005 2053 2213 2121 2038 2015 1952 1911 1951 1865 1729 1505 1427 1367 1317 1242 1124 1022 989 1056 1150 1162 1264 1402 1521 1623 1731 1927 1990 1884
1795 1708 1638 1613 1561 1530 1507 1541 1376 1275 1179 1071 955 864 806 749 644 751 848 945 1043 1189 1267 1360 1446 1577 1619 1628 1486 1428 1382 1462 1564 1586 1602 1496 1520 1597 1632 1699 1773 1870 1937 2013 2063 2135 2188 2259 2352 2427 2370 2310 2159 2159 2257 2316 2257 2145 2117 2022 1978 2060 1980 1799 1675 1526 1468 1453 1394 1318 1177 1084 1005 1073 1173 1206 1306 1422 1497 1582 1668 1802 1890 1771
1843 1779 1772 1722 1692 1646 1604 1599 1439 1305 1187 1071 1012 923 890 803 664 664 798 942 1071 1232 1365 1432 1511 1459 1478 1553 1471 1376 1346 1403 1413 1441 1496 1438 1495 1640 1709 1769 1794 1879 1920 1949 1992 2059 2107 2236 2348 2342 2382 2362 2267 2236 2294 2342 2279 2198 2123 2090 2056 1988 1941 1816 1738 1673 1603 1613 1488 1364 1269 1138 994 1044 1195 1217 1337 1443 1486 1548 1627 1712 1734 1700
1854 1858 1830 1842 1879 1810 1753 1713 1551 1434 1225 1061 1012 1071 1011 892 769 662 746 933 1083 1182 1316 1388 1372 1376 1378 1428 1391 1288 1248 1234 1287 1294 1339 1341 1428 1543 1625 1703 1791 1766 1801 1867 1948 2017 2087 2237 2269 2265 2242 2272 2191 2135 2178 2212 2265 2224 2137 2076 2007 1916 1931 1948 1936 1846 1797 1748 1573 1456 1316 1177 1016 996 1146 1202 1316 1329 1353 1407 1471 1558 1598 1599
1804 1773 1713 1656 1642 1668 1663 1572 1442 1324 1163 1058 1121 1169 1131 923 802 681 747 897 1038 1186 1259 1286 1305 1316 1306 1319 1305 1217 1169 1207 1216 1240 1253 1310 1413 1486 1574 1665 1691 1678 1755 1860 1938 2082 2122 2253 2177 2185 2154 2148 2128 2077 2111 2133 2161 2232 2233 2170 2048 1954 1975 1992 1955 1934 1898 1829 1679 1539 1353 1229 1095 998 1069 1115 1167 1187 1223 1295 1322 1399 1491 1512
1724 1680 1662 1603 1530 1527 1509 1517 1435 1317 1132 1157 1249 1378 1275 1111 869 733 768 952 1116 1223 1205 1159 1179 1196 1208 1201 1163 1169 1287 1326 1352 1356 1347 1301 1382 1440 1531 1609 1602 1713 1808 1903 2004 2114 2225 2267 2210 2176 2104 2071 2015 2013 2041 2035 2057 2075 2132 2167 2078 2003 2046 2141 2067 1997 1983 1938 1658 1582 1419 1300 1157 1038 1080 1111 1139 1128 1135 1125 1174 1260 1316 1352
1673 1601 1560 1591 1514 1453 1368 1378 1361 1297 1115 1258 1417 1436 1275 1175 995 826 750 962 901 947 981 1000 1069 1136 1129 1125 1210 1304 1420 1423 1461 1456 1493 1431 1343 1385 1453 1539 1648 1747 1841 1925 1983 2083 2205 2278 2272 2223 2084 2052 2053 1973 1985 1981 1979 1960 1963 2007 2101 2091 2114 2076 1994 1864 1905 1883 1719 1566 1442 1272 1149 1079 1149 1210 1260 1309 1325 1254 1223 1195 1181 1228
1695 1656 1574 1506 1510 1427 1353 1286 1240 1147 1241 1431 1476 1367 1260 1150 1030 785 780 881 945 1023 1083 1131 1117 1253 1268 1306 1413 1409 1507 1533 1531 1554 1580 1572 1502 1443 1417 1505 1632 1792 1854 1914 1979 2051 2138 2257 2352 2210 2132 2042 2039 2044 1971 1905 1855 1822 1859 1945 2029 2070 2027 1999 1950 1802 1750 1750 1713 1534 1373 1242 1110 1140 1285 1370 1416 1432 1461 1467 1398 1415 1340 1220
1778 1696 1602 1497 1426 1392 1305 1219 1137 1223 1406 1525 1447 1388 1303 1215 1033 839 775 954 1096 1194 1233 1276 1264 1398 1455 1487 1524 1515 1599 1621 1588 1617 1650 1622 1578 1556 1478 1462 1557 1685 1802 1904 1969 2043 2129 2260 2320 2240 2139 2106 2073 2027 1987 1918 1793 1769 1769 1838 1900 1976 1947 1871 1840 1714 1575 1562 1570 1427 1328 1196 1123 1204 1354 1489 1568 1577 1653 1616 1589 1523 1404 1267
1787 1663 1560 1496 1390 1305 1230 1153 1212 1325 1451 1506 1406 1315 1220 1112 968 835 707 825 978 1032 1120 1240 1324 1424 1553 1615 1616 1624 1669 1674 1654 1716 1725 1667 1613 1617 1586 1506 1515 1654 1832 1940 1993 2070 2162 2310 2370 2298 2163 2124 2113 2061 2004 1908 1775 1705 1708 1755 1799 1882 1893 1790 1713 1615 1433 1404 1333 1258 1210 1158 1178 1318 1452 1558 1705 1709 1768 1688 1574 1461 1370 1292
1690 1632 1547 1486 1389 1271 1175 1188 1273 1390 1490 1412 1327 1256 1149 1061 928 820 734 709 791 931 1034 1171 1289 1451 1580 1627 1678 1682 1748 1779 1771 1816 1753 1731 1706 1707 1637 1602 1520 1622 1761 1932 1998 2110 2200 2296 2371 2321 2241 2182 2153 2195 2099 1988 1858 1731 1673 1667 1691 1754 1808 1702 1593 1523 1334 1285 1205 1216 1200 1220 1294 1436 1621 1706 1833 1886 1814 1653 1531 1475 1481 1411
1587 1528 1524 1490 1374 1248 1191 1228 1326 1446 1448 1362 1258 1194 1108 1013 915 806 738 711 761 862 1002 1126 1265 1378 1468 1560 1660 1710 1799 1855 1898 1881 1810 1802 1793 1733 1693 1658 1573 1648 1768 1910 2014 2108 2202 2274 2348 2349 2328 2309 2259 2165 2099 2042 1909 1789 1729 1611 1576 1668 1692 1599 1490 1411 1286 1219 1301 1368 1385 1342 1479 1548 1733 1871 1980 1861 1737 1618 1566 1580 1577 1483
1577 1489 1452 1363 1322 1224 1228 1304 1418 1476 1408 1338 1220 1124 1045 982 895 819 766 734 721 815 958 1105 1225 1319 1403 1485 1562 1665 1731 1795 1911 1899 1877 1850 1835 1799 1766 1712 1632 1612 1728 1892 2019 2119 2222 2239 2249 2285 2264 2207 2178 2117 2050 2008 1965 1923 1841 1755 1613 1503 1565 1489 1414 1294 1268 1288 1459 1572 1537 1476 1621 1656 1740 1871 1848 1778 1730 1681 1631 1706 1642 1551
1615 1529 1427 1317 1248 1229 1297 1390 1459 1384 1344 1272 1175 1062 970 904 877 859 780 751 720 763 874 1022 1131 1236 1289 1388 1479 1583 1657 1742 1882 1949 1906 1906 1883 1867 1808 1765 1698 1625 1707 1836 1950 2061 2162 2126 2131 2180 2211 2155 2111 2080 2005 1948 1896 1878 1806 1773 1659 1559 1411 1381 1315 1307 1315 1401 1565 1681 1656 1598 1770 1803 1807 1899 1876 1876 1842 1739 1727 1784 1722 1594
1571 1471 1376 1252 1231 1310 1424 1508 1457 1339 1221 1164 1091 1012 989 1032 996 942 864 784 738 769 823 957 1044 1098 1169 1293 1379 1503 1645 1773 1897 1929 1967 1951 1922 1912 1858 1828 1776 1668 1703 1810 1898 2049 2123 2063 2062 2084 2137 2104 2038 1994 1906 1821 1780 1742 1669 1639 1607 1510 1384 1312 1308 1388 1423 1519 1625 1669 1659 1609 1665 1740 1825 1893 1972 1949 1878 1810 1779 1828 1728 1588
1511 1396 1311 1247 1305 1411 1494 1540 1396 1295 1183 1126 1071 1102 1131 1145 1098 1061 939 823 773 761 818 908 999 1128 1216 1343 1467 1525 1673 1803 1795 1818 1878 1968 1990 1942 1903 1882 1791 1691 1691 1796 1892 2026 2087 2040 1994 1964 2013 2029 1977 1908 1779 1734 1690 1628 1600 1567 1521 1469 1407 1375 1390 1439 1491 1530 1614 1682 1686 1628 1610 1680 1753 1856 1983 1935 1920 1854 1834 1862 1795 1675
1443 1326 1271 1290 1394 1514 1583 1482 1343 1248 1144 1144 1203 1265 1282 1300 1229 1141 1002 890 822 758 779 890 976 1100 1240 1399 1512 1603 1686 1731 1715 1759 1822 1857 1930 1985 1952 1916 1831 1717 1669 1779 1874 1994 2055 2021 1974 1923 1903 1917 1860 1810 1715 1654 1629 1607 1544 1515 1483 1415 1412 1404 1431 1462 1544 1592 1647 1728 1746 1685 1658 1648 1741 1849 1961 2006 1980 1932 1927 1908 1818 1732
1391 1299 1284 1402 1472 1574 1535 1440 1306 1217 1180 1244 1333 1360 1396 1352 1230 1125 1005 935 847 785 755 832 963 1128 1265 1403 1487 1544 1644 1628 1669 1672 1710 1781 1874 1992 2018 1965 1846 1750 1696 1766 1860 1985 2070 2030 1957 1910 1853 1818 1775 1710 1683 1712 1794 1727 1682 1596 1465 1408 1395 1414 1436 1461 1523 1673 1704 1708 1791 1824 1727 1666 1726 1812 1927 2036 2040 1966 1960 1949 1876 1746
1370 1288 1359 1470 1547 1589 1499 1385 1263 1206 1286 1375 1452 1463 1433 1367 1247 1140 1122 1042 925 799 757 803 958 1119 1220 1333 1398 1475 1518 1506 1533 1563 1648 1732 1806 1933 2064 1997 1921 1807 1726 1801 1896 2034 2118 2051 1956 1889 1830 1772 1705 1697 1790 1903 1903 1888 1821 1699 1556 1449 1411 1427 1440 1470 1526 1605 1713 1778 1829 1907 1790 1685 1709 1809 1896 2001 2103 2058 2036 2052 1950 1793
1344 1311 1457 1571 1638 1624 1466 1347 1264 1256 1373 1480 1527 1500 1493 1393 1320 1288 1179 1081 996 862 764 807 973 1070 1156 1226 1307 1326 1372 1410 1484 1552 1639 1722 1828 1944 2079 2069 1968 1853 1775 1782 1896 2053 2096 2030 1969 1879 1797 1726 1739 1793 1912 1959 1960 1899 1816 1741 1666 1498 1406 1441 1506 1537 1550 1601 1702 1846 1893 1907 1797 1756 1738 1850 1910 1974 2079 2168 2123 2037 1952 1806
1319 1366 1496 1605 1668 1581 1481 1368 1263 1321 1429 1531 1598 1546 1508 1458 1394 1339 1227 1106 1018 881 802 843 961 1042 1110 1142 1181 1250 1326 1400 1488 1597 1704 1750 1887 2041 2129 2069 1996 1906 1829 1815 1895 1993 2083 2058 1932 1857 1822 1824 1836 1924 2021 2068 2040 1913 1861 1758 1659 1505 1422 1529 1564 1608 1597 1633 1713 1807 1912 2003 1866 1839 1792 1832 1966 2032 2079 2131 2087 1965 1857 1765
1337 1445 1546 1630 1649 1590 1483 1298 1281 1404 1498 1586 1634 1596 1558 1511 1436 1385 1273 1142 1051 945 825 848 885 974 1060 1181 1269 1359 1394 1404 1443 1574 1726 1835 1886 2000 2134 2124 2046 2002 1953 1853 1864 1973 2058 2068 2045 2000 1997 2004 1942 1989 2057 2048 1950 1868 1813 1711 1597 1544 1503 1578 1641 1661 1667 1714 1763 1782 1872 2014 1951 1878 1894 1896 1991 2112 2100 2068 2029 1906 1759 1665
1392 1505 1602 1662 1677 1582 1446 1300 1343 1496 1625 1676 1690 1655 1618 1528 1482 1391 1301 1179 1068 985 872 809 872 971 1087 1241 1341 1418 1467 1491 1439 1549 1673 1751 1883 2024 2123 2186 2134 2141 2041 1940 1889 1933 2059 2233 2172 2107 2065 2055 2030 2008 1938 1929 1864 1765 1703 1649 1656 1606 1505 1618 1716 1698 1769 1786 1800 1840 1854 1935 1996 1944 1879 1935 2001 2026 1973 1984 1983 1863 1724 1726
1494 1589 1639 1700 1634 1536 1422 1295 1372 1534 1661 1771 1801 1757 1685 1553 1495 1430 1290 1172 1077 993 904 818 900 1019 1115 1268 1388 1496 1561 1574 1526 1527 1645 1753 1884 1993 2032 2056 2078 2055 2054 2000 1951 1984 2105 2232 2212 2190 2181 2214 2157 1972 1893 1807 1738 1697 1693 1695 1641 1577 1562 1637 1747 1761 1892 1889 1904 1886 1850 1952 2060 1957 1901 1937 2031 2053 1988 1900 1837 1797 1782 1807
1554 1671 1691 1701 1645 1566 1436 1307 1384 1525 1638 1747 1852 1807 1724 1601 1484 1416 1303 1203 1101 988 891 833 900 1044 1128 1212 1330 1472 1601 1629 1605 1569 1593 1683 1793 1882 1930 1940 1958 1990 2105 2068 2032 2100 2161 2233 2244 2175 2144 2144 2098 1966 1885 1806 1716 1714 1676 1642 1580 1551 1569 1655 1745 1790 1891 1956 1975 1921 1915 1976 2080 1971 1937 1949 2038 2127 2042 1942 1873 1845 1841 1883
1569 1687 1798 1732 1663 1605 1492 1355 1466 1573 1617 1681 1785 1829 1756 1618 1564 1447 1318 1197 1097 984 913 854 910 1041 1162 1267 1354 1462 1612 1686 1693 1674 1629 1630 1703 1745 1806 1868 1908 1947 2035 2097 2100 2173 2201 2090 2058 2066 2039 2010 1955 1887 1844 1772 1706 1653 1606 1552 1542 1569 1611 1735 1820 1836 1915 1999 2035 2012 2043 2025 2078 1996 1980 1990 2055 2112 2044 1967 1917 1934 1944 2008
1612 1747 1859 1842 1749 1615 1459 1392 1499 1621 1666 1704 1739 1785 1739 1673 1542 1446 1323 1183 1112 1004 912 852 881 1030 1144 1278 1380 1468 1629 1720 1743 1722 1735 1704 1746 1750 1788 1894 1907 1952 1986 2057 2161 2193 2118 2018 2001 1976 1944 1933 1913 1859 1816 1778 1669 1632 1572 1551 1550 1591 1686 1870 1884 1898 1998 2084 2123 2065 2130 2129 2196 2084 2017 2022 2092 2143 2067 2007 1975 1991 2043 2033
1658 1785 1909 1885 1709 1544 1439 1408 1507 1574 1690 1755 1771 1798 1746 1673 1590 1506 1341 1224 1122 1000 897 856 903 1019 1137 1266 1402 1514 1639 1765 1827 1790 1817 1812 1813 1813 1847 1889 1951 1949 1996 2068 2162 2188 2054 1993 1954 1951 1921 1915 1857 1846 1823 1728 1629 1599 1556 1550 1601 1699 1768 1945 1933 1955 2070 2150 2184 2184 2279 2356 2274 2135 2085 2117 2156 2139 2040 2049 2050 2096 2059 2015
1690 1802 1888 1763 1654 1518 1442 1449 1573 1617 1660 1733 1838 1872 1749 1653 1547 1461 1344 1218 1091 995 893 874 958 1052 1163 1283 1426 1553 1658 1746 1855 1883 1863 1885 1911 1930 1981 1935 1945 1966 1990 2108 2209 2247 2052 1985 1971 1951 1979 1898 1859 1852 1756 1663 1584 1582 1582 1597 1665 1777 1847 1955 1993 2008 2101 2120 2259 2479 2589 2505 2312 2215 2187 2065 2061 2118 2143 2131 2156 2064 1945 1881
1743 1872 1914 1816 1742 1585 1481 1509 1621 1684 1712 1735 1823 1881 1737 1567 1450 1400 1279 1137 1058 960 912 891 965 1072 1162 1277 1414 1500 1591 1684 1772 1864 1955 1965 1989 2039 2103 2059 1996 1998 2016 2108 2244 2232 2101 2039 2014 1989 1935 1918 1910 1867 1721 1636 1576 1577 1594 1662 1729 1851 1898 1963 2065 2085 2220 2221 2372 2671 2775 2554 2246 2149 2095 2019 1970 2034 2096 2129 2136 2024 1966 1878
1894 1984 2013 1983 1797 1595 1515 1514 1626 1743 1797 1805 1877 1905 1777 1610 1421 1322 1213 1104 1032 958 922 955 1026 1056 1106 1246 1370 1474 1553 1599 1689 1773 1895 2010 2031 2062 2125 2189 2160 2076 2070 2125 2275 2232 2112 2065 2015 1935 1873 1832 1803 1768 1710 1671 1619 1695 1735 1750 1811 1897 1954 2019 2112 2248 2288 2344 2552 2702 2658 2393 2144 2027 1974 1969 1933 1922 1980 2006 1978 1979 1938 1848
2053 2019 1983 1912 1827 1741 1591 1555 1654 1780 1879 1939 1970 1891 1782 1622 1446 1303 1180 1085 1039 956 944 991 1137 1181 1165 1195 1327 1435 1502 1580 1660 1733 1819 1901 1928 2005 2079 2156 2190 2232 2255 2221 2257 2144 2080 2079 2016 1980 1907 1879 1792 1736 1680 1659 1644 1698 1811 1864 1884 1938 1989 2070 2145 2222 2276 2394 2578 2491 2486 2256 2040 1983 1960 1948 1933 1882 1865 1884 1859 1839 1809 1734
2021 1994 1974 1959 1941 1830 1680 1618 1725 1896 2022 2039 1861 1741 1683 1619 1448 1279 1158 1071 1034 997 967 1042 1130 1300 1319 1218 1252 1362 1486 1577 1667 1737 1780 1773 1825 1885 1947 2037 2087 2191 2295 2334 2188 2098 2089 2085 2081 2040 2019 1980 1878 1764 1714 1667 1670 1693 1806 1878 1905 1943 1990 2084 2117 2169 2217 2287 2430 2428 2274 2165 2045 2010 1998 2001 1925 1844 1794 1795 1757 1739 1697 1644
1996 2009 1985 1966 1954 1826 1716 1668 1775 1892 1945 2004 1815 1664 1582 1470 1382 1255 1112 1038 981 1017 1052 1113 1215 1293 1400 1357 1273 1318 1418 1539 1623 1647 1640 1661 1698 1785 1873 1934 1996 2104 2255 2337 2216 2100 2076 2088 2098 2124 2051 2016 1842 1770 1710 1671 1713 1717 1788 1919 1966 1972 1993 2034 2061 2122 2149 2202 2344 2357 2191 2148 2063 2036 2029 1991 1838 1815 1777 1759 1739 1702 1685 1699
1963 1928 1905 1876 1866 1829 1810 1782 1819 1876 1948 2004 1865 1691 1544 1399 1249 1212 1107 1022 983 1065 1150 1265 1296 1368 1427 1435 1380 1307 1350 1453 1529 1515 1521 1581 1664 1718 1756 1825 1908 2017 2120 2244 2236 2157 2156 2110 2041 2040 1974 1948 1879 1822 1725 1711 1744 1761 1817 1952 1997 2064 2078 2074 2064 2085 2117 2203 2282 2324 2214 2136 2109 2063 2018 1945 1876 1807 1797 1779 1758 1743 1739 1756
1996 1928 1885 1868 1829 1827 1814 1806 1838 1881 1942 1964 1813 1728 1568 1431 1347 1263 1133 1036 991 1046 1187 1357 1414 1434 1438 1578 1523 1409 1336 1392 1450 1477 1554 1633 1730 1801 1808 1784 1875 1997 2089 2143 2258 2202 2182 2073 1985 1964 1956 1969 1921 1837 1775 1760 1730 1783 1822 1898 1928 2080 2169 2112 2099 2075 2131 2187 2288 2295 2217 2192 2178 2105 2023 1983 1905 1853 1869 1860 1831 1825 1840 1836
2116 2000 1945 1887 1872 1842 1834 1826 1838 1871 1912 1866 1840 1760 1630 1505 1374 1304 1147 1050 998 1060 1204 1364 1546 1508 1471 1547 1601 1520 1411 1398 1528 1590 1669 1720 1796 1882 1864 1846 1896 2020 2116 2197 2234 2140 2061 2007 2012 2032 2002 2008 1986 1962 1887 1793 1706 1768 1819 1923 1962 2026 2129 2196 2163 2139 2222 2300 2434 2374 2285 2274 2277 2165 2060 1983 1930 1911 1921 1912 1913 1901 1897 1910
2141 2119 2052 1937 1884 1875 1857 1860 1881 1897 1927 1872 1815 1776 1696 1544 1415 1300 1154 1055 1017 1105 1215 1367 1556 1615 1541 1570 1628 1579 1475 1406 1544 1617 1698 1796 1856 1925 1955 1937 1972 2021 2157 2198 2245 2169 2052 2033 2033 2035 2004 2020 2069 1979 1847 1796 1727 1748 1783 1875 1969 2046 2139 2155 2169 2194 2277 2331 2411 2346 2230 2234 2267 2164 2072 2023 1985 1943 1982 1989 1994 1969 1966 1985
