data/slope.asc
NCOLS 166 
NROWS 110 
XLLCORNER 695400 
YLLCORNER 4730600 
CELLSIZE 200 
NODATA_value 0 
[rows 0 to 56 of 110, columns 0 to 95 of 166]
29.000000000000000 13 22 25 18 10 8 34 37 41 44 27 41 24 25 17 40 5 24 32 29 31 38 39 33 18 24 31 35 37 33 34 7 39 35 35 28 36 40 32 27 41 31 27 21 31 22 23 38 39 44 31 31 28 44 52 35 15 29 16 32 30 38 48 51 33 17 27 35 38 27 39 17 36 12 18 38 35 34 25 37 47 36 34 26 22 37 41 31 30 18 23 27 30 15 5
25 37 22 32 22 23 31 38 38 26 40 24 35 33 24 42 19 33 12 24 37 27 28 31 41 19 35 32 35 24 19 32 15 35 17 33 20 36 37 18 20 32 36 19 21 25 30 23 28 20 53 35 48 43 58 56 48 18 11 29 21 29 49 24 37 40 26 32 10 22 34 44 7 35 12 32 29 29 17 25 31 49 37 30 21 29 41 30 25 33 33 30 35 28 26 31
30 31 42 31 56 43 20 28 42 29 22 26 20 25 42 39 33 35 43 36 29 54 38 39 13 34 33 35 15 22 21 38 47 48 25 31 41 32 16 20 19 21 42 35 28 26 24 42 17 17 40 15 14 13 39 25 40 24 19 8 17 34 24 41 40 56 35 43 44 32 30 42 8 33 8 20 31 20 15 24 31 35 33 21 24 20 19 19 22 28 34 33 30 40 32 30
25 14 38 40 34 34 43 14 57 20 51 31 36 23 42 29 34 8 42 46 32 35 49 49 38 17 29 31 32 37 27 23 28 29 41 31 31 37 25 18 22 28 18 25 21 17 31 35 29 19 26 32 19 19 27 35 21 29 31 32 41 9 2 4 22 43 43 27 35 43 25 40 32 30 37 13 34 42 39 37 41 39 40 33 15 23 34 18 36 36 41 33 30 24 36 20
13 15 30 35 37 48 34 29 43 38 35 22 27 44 53 44 34 20 29 34 46 33 14 17 20 18 16 37 24 35 9 9 11 18 14 27 23 28 34 24 36 22 28 22 43 40 26 16 16 36 22 34 26 9 28 23 28 33 13 37 35 24 36 33 33 27 29 36 21 47 25 41 39 8 30 41 38 46 43 37 27 35 28 32 14 23 36 29 32 32 36 34 18 22 40 30
29 26 18 25 26 31 38 34 24 54 29 36 49 31 42 46 41 35 39 53 24 40 45 35 42 38 31 41 37 20 43 30 43 25 32 11 26 22 33 31 8 39 37 35 25 33 28 24 22 22 16 14 4 13 20 19 25 30 45 50 36 18 27 28 19 41 29 35 39 30 32 45 49 16 20 26 22 37 32 11 27 34 46 24 28 28 24 26 39 36 26 28 34 36 24 35
23 27 19 24 28 24 30 30 43 43 15 59 46 39 26 32 51 51 39 44 56 58 52 54 30 5 15 11 45 29 34 33 26 25 25 47 26 6 36 24 27 34 30 21 21 33 36 3 19 22 30 14 14 24 19 17 33 39 37 35 16 37 36 37 35 30 34 30 58 26 42 43 36 2 38 41 35 38 39 46 38 18 2 41 8 15 31 30 34 45 25 19 29 41 2 24
21 25 39 20 21 37 28 25 34 36 66 50 34 28 27 33 21 62 29 37 48 54 48 28 49 56 64 54 23 32 31 29 36 22 27 19 31 23 26 34 37 38 27 22 17 30 22 44 20 33 31 4 4 3 39 19 21 21 23 34 29 35 34 38 35 38 38 38 49 41 39 50 19 35 46 27 31 36 41 46 41 42 51 33 9 19 24 24 26 32 38 41 25 29 34 37
30 30 27 42 25 29 32 29 8 44 42 15 33 32 38 32 38 60 62 41 40 15 22 19 14 27 26 46 37 32 33 9 22 29 32 19 15 27 19 34 34 40 34 20 25 22 31 40 27 16 38 8 39 8 23 31 23 37 27 31 27 32 30 26 37 41 49 37 50 45 32 15 11 34 38 44 28 42 25 42 33 30 41 29 17 18 49 33 33 46 39 33 39 33 30 29
31 40 23 29 19 30 28 16 36 42 33 15 28 23 35 25 36 30 14 54 58 56 41 34 20 42 38 18 26 21 32 20 23 30 21 11 24 30 33 26 26 29 38 28 17 29 38 42 32 29 35 15 21 22 10 36 25 11 19 23 29 36 22 29 28 56 42 41 40 39 40 16 32 47 44 43 38 40 34 40 32 37 30 31 7 17 29 35 35 38 47 35 28 24 33 42
30 30 26 16 29 23 20 20 29 28 15 37 31 32 37 25 28 31 22 19 26 27 34 36 21 45 36 18 11 34 37 36 33 25 14 34 36 36 12 29 17 35 40 29 15 24 31 26 10 14 40 39 32 39 51 28 43 31 6 39 33 39 31 34 38 36 41 33 20 31 29 38 33 46 50 48 48 40 43 39 28 38 37 43 42 18 20 41 43 32 33 31 37 40 38 34
34 28 27 28 28 16 10 35 34 33 34 24 22 30 39 21 26 35 7 6 31 43 33 35 34 30 23 33 29 23 29 17 31 20 38 25 12 20 29 21 25 37 34 34 26 33 24 24 35 14 27 14 35 35 33 29 36 37 32 27 34 32 22 35 34 32 36 5 42 42 46 31 36 52 40 43 15 39 37 21 6 35 18 38 58 10 7 34 23 38 21 26 32 34 47 40
24 21 11 26 35 28 24 28 31 8 24 27 37 28 35 37 23 21 11 9 4 46 43 38 39 31 34 39 38 33 15 33 22 9 7 12 20 24 21 31 31 29 34 37 36 28 35 35 21 26 32 26 14 18 8 24 7 40 39 43 35 18 37 39 38 24 8 43 44 44 42 29 53 38 43 29 23 17 30 34 39 10 42 35 42 43 4 29 41 37 26 14 5 31 24 36
18 24 22 36 12 20 36 32 11 34 34 36 27 25 23 15 17 23 44 13 3 30 43 36 37 29 32 33 37 29 24 30 36 21 17 26 17 21 25 25 31 8 39 33 36 30 24 38 32 35 34 11 11 31 27 24 18 38 38 28 40 65 27 25 26 3 23 39 47 30 34 27 20 12 6 30 21 15 32 33 15 19 27 34 45 44 4 18 35 37 28 22 36 28 15 26
33 30 29 28 14 45 42 28 30 36 24 28 31 16 34 38 33 39 25 4 20 18 32 36 30 40 39 28 27 35 27 28 15 37 11 18 15 24 20 13 42 30 31 30 30 37 13 6 12 33 44 34 23 30 47 37 36 30 42 12 27 37 34 16 5 26 44 38 37 24 22 6 32 27 25 26 13 17 31 3 10 21 23 30 33 47 1 13 36 33 37 43 31 49 29 18
32 33 39 7 33 36 20 19 37 24 34 22 17 35 39 37 28 39 43 24 44 31 8 30 40 30 27 43 37 28 35 28 17 24 30 12 11 24 20 17 35 36 35 29 31 39 14 11 18 31 31 22 27 28 31 36 18 27 22 33 21 41 19 28 31 26 7 23 26 26 14 18 13 27 30 19 29 16 26 33 28 18 25 31 48 44 41 22 23 33 36 39 40 44 46 30
35 23 7 27 35 29 18 41 31 30 27 25 42 27 42 15 18 30 32 25 15 15 26 35 26 35 42 35 15 27 34 28 21 20 28 36 31 5 23 20 17 34 10 31 29 35 10 14 23 21 26 34 33 46 33 7 12 39 15 23 23 4 10 10 17 26 29 29 28 19 24 40 21 11 28 39 30 35 24 28 11 14 19 21 35 37 42 9 24 30 35 33 43 45 7 29
27 15 17 34 32 23 45 26 32 35 18 38 29 34 19 26 44 24 30 36 25 17 10 32 38 41 35 24 28 34 16 35 33 30 25 35 26 32 33 28 26 24 8 21 32 32 15 27 21 13 18 13 34 20 6 40 43 40 45 38 20 1 21 3 12 9 21 34 29 15 6 30 42 13 18 31 27 21 19 18 29 24 40 33 34 37 30 19 32 33 39 34 39 41 34 31
37 7 36 33 28 19 27 26 24 18 32 45 21 16 15 46 18 29 31 43 39 35 10 35 43 32 33 33 36 34 36 35 30 30 28 15 23 40 28 41 23 33 7 35 25 25 10 15 26 27 20 21 5 8 48 31 4 7 26 42 41 29 5 25 26 10 29 32 35 39 27 25 32 22 27 28 20 34 17 29 31 22 40 42 33 35 27 49 8 37 37 36 27 32 35 34
23 29 40 38 17 39 30 32 5 28 39 26 18 10 15 31 37 19 30 20 23 40 21 26 38 32 22 28 32 32 25 19 17 23 20 25 28 35 44 37 29 38 16 26 42 34 5 18 24 30 25 9 27 33 43 19 38 39 8 33 31 26 11 15 27 18 21 22 44 34 31 13 24 33 23 29 22 29 29 11 35 24 28 46 20 32 38 40 18 32 30 41 37 33 29 34
14 33 33 21 13 35 38 39 6 35 41 24 19 31 13 16 20 21 33 32 30 34 4 14 26 26 22 28 21 22 32 16 33 30 26 27 38 35 18 26 18 27 31 13 35 24 26 27 30 19 28 56 30 20 44 27 47 23 33 24 41 19 13 34 22 19 10 17 18 20 31 21 20 22 37 29 37 25 26 23 36 46 44 38 25 36 34 42 13 28 32 39 20 24 29 27
12 37 25 21 14 25 23 38 34 31 35 30 7 34 18 16 22 36 32 25 32 31 38 14 26 27 38 30 32 39 33 22 22 36 43 22 31 28 31 40 28 37 42 33 26 37 21 27 55 54 29 20 32 15 19 12 38 47 26 37 20 31 22 43 14 15 16 23 19 12 28 40 47 28 19 16 35 6 38 17 33 39 42 24 29 32 37 30 16 26 37 31 34 36 31 10
40 32 30 15 11 32 37 34 40 34 44 28 35 36 35 33 17 27 38 41 27 29 31 11 35 34 35 32 33 38 28 33 15 32 36 20 25 38 22 7 19 28 33 31 6 32 32 26 18 36 20 21 24 27 32 39 34 17 35 8 19 25 15 41 22 25 25 14 22 32 30 21 16 28 3 28 12 29 24 40 36 55 15 23 29 27 42 26 31 27 52 43 28 37 28 41
34 25 21 19 19 21 25 20 42 34 33 23 18 29 34 30 15 39 32 40 20 21 15 5 40 18 28 35 32 27 10 17 38 20 25 36 31 29 37 36 42 37 16 21 28 22 17 19 24 27 45 44 53 26 26 28 19 12 12 12 28 23 10 34 4 36 27 33 29 31 14 20 13 25 16 19 35 24 24 22 19 21 17 15 14 31 40 51 18 20 45 33 33 37 41 31
34 24 21 13 16 36 37 21 17 26 35 34 27 20 31 32 36 24 40 32 20 32 14 20 36 39 36 24 42 47 19 18 23 17 33 40 38 50 40 30 32 23 26 26 11 37 21 23 39 42 38 41 43 40 23 16 8 13 18 37 23 11 12 38 16 23 28 10 31 37 34 30 30 9 11 23 37 23 33 36 25 31 25 36 35 27 40 34 28 32 34 37 29 37 36 34
29 33 36 37 31 17 28 15 34 35 25 29 19 8 32 33 36 38 40 17 25 34 21 15 39 33 19 26 25 40 29 29 24 30 31 28 21 26 21 13 9 19 26 20 22 23 39 34 38 35 33 28 25 20 19 27 18 26 17 14 5 11 35 42 27 25 34 38 18 22 25 13 27 19 7 14 21 21 27 22 5 4 28 28 32 25 30 38 24 14 22 38 42 40 29 35
20 50 27 27 41 53 37 22 32 32 16 15 25 4 32 28 35 38 37 27 28 45 9 13 29 30 33 29 18 45 33 30 16 11 40 31 4 27 19 16 2 9 19 11 35 26 28 20 13 22 12 22 32 16 17 17 17 19 18 2 5 38 30 34 19 24 28 40 42 16 39 45 34 37 25 28 24 20 30 10 29 27 39 42 33 33 24 22 40 29 47 35 35 38 38 31
29 35 20 22 46 33 21 25 22 23 26 19 18 16 24 14 28 41 45 32 30 30 23 12 30 39 39 40 35 34 32 33 21 13 10 30 25 26 36 9 10 8 26 25 31 29 45 15 8 6 7 3 15 12 32 38 19 8 9 10 32 31 36 15 21 14 27 29 9 46 54 57 47 37 29 21 25 32 25 8 22 23 40 35 15 47 24 18 32 51 26 43 29 34 30 24
37 24 5 40 23 39 14 38 29 18 16 25 11 30 29 38 35 29 30 37 36 34 14 7 26 42 33 37 40 29 22 30 17 29 31 19 15 42 46 17 9 17 23 32 40 44 41 17 17 16 22 26 10 11 25 35 10 5 8 22 36 25 33 36 14 39 36 27 55 59 60 18 40 8 15 28 30 27 23 15 17 34 28 24 27 25 31 25 35 53 11 60 43 37 33 30
31 31 9 26 39 32 23 36 26 27 27 23 29 32 40 37 30 39 33 37 12 27 19 10 15 32 31 28 40 28 23 36 26 34 19 37 24 41 13 39 33 13 10 36 38 2 52 17 10 40 14 8 5 16 41 29 8 9 18 26 36 27 25 36 27 32 41 37 64 57 25 68 56 36 35 26 11 37 34 43 43 17 20 23 19 24 22 34 24 44 3 33 39 29 29 35
49 48 22 20 52 39 17 30 26 30 17 16 34 27 47 43 43 37 25 35 21 16 14 27 48 13 28 36 38 29 14 14 31 21 36 34 19 18 23 22 37 33 28 38 27 50 16 7 33 12 26 15 19 19 35 12 23 54 29 39 34 14 11 26 34 17 21 24 53 21 26 64 44 27 28 18 8 42 34 30 17 34 24 31 32 27 23 19 16 42 27 14 39 35 34 22
3 21 13 25 21 48 29 19 31 49 36 45 9 45 43 32 33 45 25 28 11 29 10 27 36 43 36 39 28 37 30 23 20 22 27 20 28 29 42 39 36 25 45 26 39 39 7 11 18 38 38 30 31 3 15 3 7 38 25 15 26 24 19 35 27 12 27 54 26 46 60 52 31 21 9 14 4 34 23 36 30 21 41 33 12 13 13 17 23 24 19 33 39 17 15 13
14 14 5 35 35 65 21 18 35 38 20 19 42 39 34 33 43 28 20 20 44 9 27 31 45 34 40 45 32 32 34 27 21 22 31 30 29 33 30 20 34 45 15 12 48 7 3 4 12 22 10 23 28 14 22 7 12 24 42 25 4 18 22 30 31 42 20 42 51 30 48 40 21 16 12 13 21 22 27 18 25 13 31 12 15 24 23 26 23 23 13 14 51 27 28 34
9 3 22 21 22 43 32 16 44 16 31 15 33 41 27 45 32 41 30 22 6 29 37 32 38 29 10 33 22 30 33 28 24 39 37 27 33 31 33 37 33 38 39 10 42 13 9 14 4 23 24 31 22 9 8 4 11 14 31 38 24 22 14 12 11 9 23 36 42 41 29 33 10 1 13 37 8 8 10 12 8 6 10 26 25 29 37 21 30 29 17 13 27 44 37 20
11 13 3 5 16 10 7 25 21 23 25 15 42 38 34 44 26 32 24 13 10 50 11 34 34 13 25 33 34 34 35 35 36 29 17 20 35 20 27 26 31 33 29 45 34 11 26 20 31 40 36 19 16 27 9 25 1 11 18 20 32 29 21 14 10 9 16 18 22 6 10 31 13 21 24 18 23 11 14 14 12 30 19 23 27 28 28 48 25 44 28 21 27 25 27 46
12 28 16 7 8 7 4 3 10 13 25 35 34 33 43 43 31 33 31 18 19 46 38 39 29 18 25 5 21 43 15 33 20 27 34 33 32 32 27 15 26 30 10 25 29 18 24 49 11 11 13 9 23 28 30 21 11 10 21 11 11 51 32 30 12 23 31 16 38 16 12 22 44 23 17 8 25 16 26 21 24 30 15 21 34 26 38 49 43 32 6 15 35 38 41 20
48 28 21 0 16 12 11 10 13 12 34 26 29 32 42 36 19 43 28 17 10 44 38 42 16 32 32 32 14 26 29 20 25 11 31 29 26 21 7 32 39 41 27 8 15 32 28 7 4 4 13 6 37 39 26 16 11 20 20 37 27 26 32 4 13 14 33 49 26 29 8 23 32 37 23 17 27 28 9 12 32 17 19 17 35 31 38 45 42 33 17 21 36 33 31 32
16 36 52 35 4 2 15 12 17 15 26 36 17 24 28 36 31 35 29 26 14 29 34 44 34 20 21 15 18 32 41 13 27 20 24 29 31 22 31 30 27 31 27 18 12 29 25 17 13 12 15 11 25 55 26 29 20 12 29 39 38 20 25 19 12 35 11 32 37 42 25 44 26 28 21 18 21 7 13 22 19 25 32 37 20 38 41 29 48 23 9 42 33 45 38 32
14 13 21 45 11 5 10 16 18 30 15 17 16 21 50 29 33 34 38 31 13 31 34 32 45 5 19 29 26 38 35 25 27 26 24 25 31 19 13 13 34 32 12 14 3 30 24 7 7 14 7 34 33 8 15 21 22 14 27 25 23 27 28 14 15 18 24 32 24 33 23 27 19 19 17 15 16 47 25 22 7 18 18 37 41 23 46 41 31 6 16 44 37 51 15 42
43 25 14 28 22 26 8 27 35 30 25 26 42 36 25 26 19 47 39 37 18 49 29 42 38 18 19 40 40 30 31 6 30 37 29 26 21 26 36 14 23 25 35 5 24 9 18 5 16 1 40 12 28 19 30 44 27 42 22 24 13 34 24 8 26 13 6 17 32 25 42 20 39 30 27 27 9 16 11 41 29 38 30 27 27 29 31 32 12 15 19 34 33 41 39 30
25 48 48 39 30 30 26 23 16 16 26 22 30 25 24 19 25 39 27 38 30 31 30 39 38 32 30 35 48 38 37 8 29 27 24 13 24 30 27 36 31 10 38 32 20 34 9 8 7 26 9 19 25 34 21 17 24 35 20 21 17 24 25 10 15 17 13 17 29 24 5 21 31 25 24 29 32 36 31 28 41 32 37 34 39 23 20 20 21 27 39 31 31 30 37 41
9 15 16 25 23 11 25 31 37 29 17 31 19 9 20 24 39 32 19 19 13 24 22 25 38 41 31 21 38 36 42 19 34 32 22 15 34 29 41 37 23 25 14 13 14 11 12 12 24 16 14 17 22 22 25 25 34 29 33 7 9 5 29 40 25 40 6 3 18 16 13 10 19 14 30 25 28 31 35 34 26 17 4 11 25 14 23 23 25 37 33 37 38 30 21 41
5 18 20 42 38 39 15 8 8 17 18 37 9 26 37 36 18 39 40 26 13 35 35 40 34 39 33 28 31 17 38 23 35 26 14 22 25 28 32 2 23 25 6 13 41 17 12 16 23 28 32 23 16 28 26 15 17 31 26 4 13 13 14 21 8 5 16 10 11 8 12 13 5 18 12 17 14 14 34 23 18 11 8 13 21 28 11 29 32 35 35 41 17 31 52 30
41 18 25 33 39 40 27 30 13 14 13 26 24 25 17 7 41 42 38 21 21 33 35 31 36 27 31 50 35 34 30 29 28 39 28 18 33 18 24 26 33 18 33 34 30 35 8 20 20 18 15 10 33 22 13 24 28 18 4 26 23 11 32 14 18 33 20 21 30 16 21 25 33 16 8 5 11 4 15 24 21 5 20 16 20 15 38 33 31 30 42 26 4 25 45 18
33 12 37 45 28 40 21 28 26 18 27 28 17 36 34 46 42 48 26 5 12 39 33 34 34 43 37 38 29 43 34 27 26 30 36 26 42 28 38 37 28 23 16 27 35 23 32 21 29 19 25 23 14 17 32 34 21 10 14 29 6 44 22 25 32 27 12 5 11 6 33 10 14 27 14 9 9 17 6 5 6 28 31 45 41 49 20 28 20 27 42 25 40 19 41 22
21 17 29 24 34 32 23 26 36 48 36 22 37 41 36 26 17 27 29 5 35 35 41 36 39 25 28 30 18 32 18 24 22 33 28 44 36 30 30 22 26 34 20 22 29 26 25 33 32 37 30 20 12 12 34 37 17 16 26 27 32 7 31 29 22 26 2 7 12 13 22 45 12 34 1 7 7 9 11 34 30 41 26 35 40 20 14 30 25 16 32 20 34 32 8 29
29 23 26 24 17 28 31 43 35 28 21 24 26 32 11 13 6 16 18 17 38 31 38 26 32 40 15 32 9 25 28 18 23 32 37 18 22 30 41 23 22 36 15 12 31 23 16 17 11 3 13 22 25 27 14 6 9 29 42 27 25 31 48 43 11 26 9 8 6 27 36 26 23 5 3 17 8 3 10 45 31 32 34 32 35 15 19 22 25 25 42 23 39 38 18 24
23 21 22 26 32 22 46 53 37 31 32 31 33 22 34 33 46 33 29 36 17 32 23 31 25 34 40 36 14 26 19 35 22 41 19 16 23 33 31 18 36 27 21 20 27 19 31 24 10 17 18 19 30 6 11 5 29 39 24 23 25 34 23 11 11 2 20 23 9 14 11 5 13 15 7 11 8 13 20 19 37 21 17 29 26 49 28 31 25 39 17 13 40 39 21 49
32 35 25 27 40 46 33 45 29 26 3 21 43 30 25 40 34 30 26 19 15 10 18 36 38 33 35 27 28 15 27 23 9 31 16 17 17 31 18 25 33 26 22 18 30 27 38 24 18 25 8 23 29 30 31 24 28 12 6 1 26 18 5 16 10 36 22 22 22 42 34 28 17 22 14 14 20 4 24 20 22 12 22 18 27 23 18 28 31 31 35 22 38 23 44 42
27 24 33 35 40 44 39 45 28 12 9 17 9 21 8 8 7 27 30 25 7 12 8 18 40 37 37 23 36 31 3 17 8 21 4 16 29 20 37 25 10 16 2 10 26 24 24 26 24 14 17 25 27 18 22 5 34 22 19 29 14 14 13 17 23 45 36 22 43 25 36 27 11 10 8 11 5 17 4 17 14 27 36 38 25 27 19 19 29 28 27 32 24 47 41 50
3 8 12 30 35 32 30 23 3 31 27 25 38 34 33 23 25 39 27 15 30 7 52 26 10 32 21 32 32 38 38 32 19 33 33 20 38 39 24 13 7 20 43 27 22 16 16 12 13 16 23 29 29 33 28 27 26 31 23 32 25 28 25 16 29 2 24 14 4 16 35 13 8 23 4 11 5 12 1 11 11 5 36 20 17 20 7 16 20 14 29 32 19 35 33 24
5 22 25 29 21 16 7 5 28 33 41 39 24 13 19 22 26 40 36 28 26 0 25 11 22 17 25 38 28 30 31 32 33 19 35 29 48 33 28 7 23 30 9 18 23 16 18 22 14 5 15 36 28 23 20 15 26 35 34 38 4 18 27 36 34 22 14 39 16 37 25 19 11 12 6 11 13 24 10 15 1 30 27 16 15 24 6 13 24 17 21 28 12 34 16 15
18 9 33 20 38 36 43 35 46 52 42 30 15 19 27 12 27 17 32 35 29 21 15 51 29 3 33 26 29 32 24 45 28 16 14 41 28 40 8 28 29 31 25 18 27 15 16 15 14 15 23 30 23 37 19 23 19 21 27 37 34 40 47 32 27 21 36 50 23 14 25 2 19 25 35 25 11 16 32 21 22 8 17 24 30 28 8 22 23 21 27 26 8 22 17 15
8 4 19 13 34 21 33 44 52 2 12 22 13 25 16 14 11 29 32 23 24 22 27 29 23 9 13 21 29 28 36 27 9 12 34 40 31 15 18 39 28 24 21 12 10 19 13 17 16 23 15 37 31 18 16 20 15 22 37 33 40 42 34 37 23 36 52 13 39 9 31 18 38 29 34 40 26 16 4 4 27 7 17 11 10 14 8 26 38 28 42 41 48 8 39 9
23 28 32 7 14 34 31 15 22 24 8 11 7 15 13 12 8 14 31 29 21 12 34 27 16 5 14 13 21 19 26 30 31 29 40 25 20 10 15 35 32 33 34 23 29 8 25 21 15 21 29 24 23 18 33 29 26 25 30 19 27 40 40 33 40 31 13 37 30 21 30 44 20 11 29 34 17 12 11 3 11 11 9 16 15 1 4 17 26 29 27 19 19 26 16 19
10 13 28 4 21 36 24 11 14 2 13 22 10 15 36 12 19 19 14 23 5 27 32 31 44 27 26 28 7 14 17 18 24 28 13 18 24 15 35 34 29 23 28 16 6 28 27 23 31 24 18 24 19 21 36 27 23 30 15 20 18 29 20 29 27 41 30 29 14 16 26 35 9 13 11 24 23 27 10 13 19 11 14 6 17 6 17 9 9 2 15 17 15 19 8 9
14 9 4 19 14 21 3 4 4 14 22 17 18 15 26 18 18 29 17 33 23 28 8 38 44 13 19 10 19 14 17 21 9 14 12 15 16 29 43 23 42 27 17 16 11 11 19 28 40 33 18 24 25 33 13 16 12 6 21 35 22 25 7 22 33 34 28 23 8 4 15 12 13 32 19 32 17 17 9 14 9 15 9 13 11 8 11 6 7 2 13 21 13 9 18 14
