data/topography.asc
NCOLS 166 
NROWS 110 
XLLCORNER 695400 
YLLCORNER 4730600 
CELLSIZE 200 
NODATA_value 0 
[rows 0 to 44 of 110, columns 0 to 95 of 166]
152.000000000000000 141 142 146 167 181 187 154 119 93 77 73 62 73 104 182 204 176 180 194 213 228 230 216 207 206 177 69 5 20 78 136 198 198 88 43 129 134 117 137 173 190 188 180 170 151 158 221 240 196 129 101 139 213 222 233 229 132 115 120 162 207 173 41 1 1 93 134 131 89 77 137 198 194 215 234 229 219 197 174 180 190 113 1 23 73 91 86 79 140 200 180 182 152 177 227
159 143 166 169 176 185 207 146 64 55 43 51 66 105 139 123 171 173 189 214 232 245 251 243 209 131 84 36 1 29 116 156 132 101 47 68 196 232 244 248 246 239 218 172 132 116 130 181 223 207 152 111 142 229 239 231 150 101 130 137 196 191 48 1 22 81 171 168 123 84 72 84 183 223 236 244 236 230 207 179 151 107 12 1 31 61 93 90 81 135 216 224 178 146 174 243
163 170 189 192 180 170 194 122 57 59 32 49 123 161 142 87 120 196 177 201 216 218 231 225 152 63 57 31 1 16 67 65 31 25 12 59 162 192 212 223 211 163 124 122 136 144 170 188 158 87 84 63 79 184 172 137 95 94 110 125 115 74 61 101 130 140 176 149 88 77 64 43 114 197 202 218 209 169 122 108 98 67 13 1 26 62 100 104 116 143 155 184 210 163 156 244
116 124 111 128 134 128 133 40 4 1 1 69 217 203 117 63 74 203 198 189 194 187 161 102 56 56 72 39 1 1 40 64 60 56 54 109 156 143 137 147 114 81 112 156 196 222 226 204 102 45 34 11 2 60 81 73 100 125 130 115 66 110 196 190 163 156 170 112 64 61 43 33 82 201 161 140 106 48 44 49 45 42 33 28 28 60 86 91 110 123 113 107 146 191 154 234
40 26 7 1 1 1 1 1 1 1 1 185 247 213 99 47 48 170 227 212 220 219 141 57 48 53 53 28 1 56 200 236 232 222 205 202 187 169 163 139 105 165 220 234 240 249 250 230 115 82 51 27 15 73 98 76 74 96 137 105 78 173 246 219 165 169 167 72 33 38 35 49 67 202 193 145 93 54 52 38 39 47 35 22 21 69 116 140 171 188 188 188 198 234 211 194
32 22 40 45 41 13 1 1 3 1 74 254 246 205 75 39 42 134 238 208 156 72 8 13 45 55 49 57 127 246 248 233 227 221 210 229 200 158 149 148 197 239 245 243 233 229 240 221 155 114 72 80 73 98 98 76 57 35 33 57 104 201 249 201 87 107 143 23 1 23 20 28 43 183 249 248 241 234 220 178 133 77 33 24 39 98 158 197 224 236 242 242 239 245 235 122
91 78 85 77 64 37 23 14 1 1 221 248 253 114 13 15 9 61 222 178 107 94 110 161 205 228 218 247 247 248 248 234 231 229 205 172 209 215 168 178 221 239 239 226 207 187 186 221 171 79 74 135 149 151 121 65 30 21 41 83 152 189 167 56 1 1 24 1 1 1 1 1 39 230 252 241 230 219 197 183 210 221 185 125 112 149 181 187 186 188 207 232 238 229 224 110
148 118 95 78 54 35 33 16 12 171 251 250 198 45 34 27 1 22 227 237 254 246 237 229 247 244 218 228 233 246 251 228 229 241 222 166 168 198 223 190 175 185 198 208 209 197 191 212 164 52 83 152 174 144 108 52 21 40 83 104 102 76 27 3 1 1 1 1 1 1 1 1 107 253 250 244 230 225 208 174 178 171 132 147 172 176 183 184 184 194 208 217 197 163 164 182
126 63 47 51 36 11 1 32 185 252 245 242 65 28 23 1 1 8 189 194 219 232 241 249 254 251 240 234 230 243 250 219 228 245 218 163 169 174 183 221 168 163 198 226 230 229 227 232 187 64 94 162 171 134 95 43 35 77 102 94 83 67 12 1 1 1 1 1 1 1 1 20 219 249 246 251 238 229 217 167 148 96 47 79 173 189 179 181 190 198 194 149 92 94 127 198
41 11 33 42 27 9 20 153 253 247 241 97 1 1 1 1 1 1 113 105 70 67 106 163 218 235 253 248 232 245 248 218 232 239 194 161 192 188 155 189 221 188 198 224 238 242 237 237 205 82 104 171 187 163 112 58 54 100 119 97 83 75 15 1 1 1 1 1 1 1 34 162 255 245 245 247 244 227 187 67 34 52 87 96 133 173 154 153 154 137 96 57 76 111 138 147
1 7 56 54 20 23 108 240 249 246 195 17 1 1 1 1 1 26 107 146 116 125 148 164 181 186 182 196 227 247 252 233 231 214 171 187 197 179 153 147 233 211 191 204 226 233 227 213 192 118 141 178 194 155 98 72 62 101 131 84 74 74 7 1 1 1 1 31 133 210 205 239 247 242 243 243 244 188 50 3 69 170 163 97 77 147 177 158 142 123 102 95 103 116 119 79
15 31 43 17 1 43 197 254 250 244 103 8 2 1 2 10 19 56 120 191 187 168 173 181 175 149 125 130 157 196 216 237 240 182 171 202 186 162 162 135 199 226 197 202 219 225 220 187 145 124 130 136 111 60 54 63 74 116 127 114 113 66 1 1 1 1 18 218 249 221 191 232 244 248 242 249 203 28 8 57 183 217 159 76 46 107 202 175 169 177 173 150 121 111 93 66
92 77 34 1 10 111 246 254 252 162 39 4 1 1 1 19 55 94 133 170 192 169 158 156 148 130 116 113 120 131 135 163 208 185 180 199 185 168 161 133 153 221 187 181 185 193 175 97 69 68 46 28 25 25 38 49 83 111 108 92 84 68 1 1 1 37 180 254 245 231 177 237 245 249 247 224 113 88 111 139 227 223 125 60 28 63 188 196 192 207 230 232 212 185 143 125
78 39 10 14 99 236 254 254 199 30 1 1 1 5 72 138 157 140 134 154 199 190 156 137 113 87 86 102 115 134 168 199 218 211 196 196 191 170 153 145 126 215 208 177 165 170 128 50 64 78 61 36 36 16 1 1 11 1 2 17 23 23 5 9 82 204 248 250 247 248 167 249 246 246 247 245 207 179 139 151 236 213 76 36 28 47 154 211 194 192 211 247 252 248 246 222
1 1 1 62 232 255 253 235 62 1 1 5 36 133 211 203 177 144 114 129 190 216 188 162 148 155 178 195 202 202 216 222 183 139 179 206 193 166 160 152 99 164 220 198 192 192 145 70 75 70 56 27 19 1 1 1 1 1 1 4 1 1 45 140 230 250 253 251 241 220 146 176 152 143 179 217 230 163 124 149 230 192 62 57 55 37 103 220 203 188 182 208 248 248 218 232
1 1 33 194 255 253 253 103 1 1 31 125 208 224 221 199 162 121 80 107 162 202 197 186 192 218 236 242 251 245 227 186 98 95 121 154 185 172 169 137 73 114 212 203 200 192 148 81 74 66 52 16 1 1 1 8 24 27 40 47 31 42 113 201 246 252 252 248 240 238 178 167 201 177 177 195 216 171 151 167 222 178 80 79 54 27 76 232 212 197 187 183 196 239 234 215
1 17 161 253 253 255 189 9 1 18 119 239 241 233 222 177 116 66 52 94 124 166 192 185 198 212 223 228 232 223 190 110 87 108 103 108 156 209 179 119 64 94 216 208 200 202 182 100 86 87 66 17 1 1 30 148 181 152 144 113 68 89 154 206 228 234 244 253 251 243 216 173 190 223 205 196 214 224 170 176 212 158 80 61 37 30 56 202 208 199 197 194 186 184 211 246
5 97 247 254 254 237 59 1 1 96 235 250 245 236 210 108 44 53 89 105 98 127 194 190 199 208 202 183 155 135 89 49 59 78 106 132 158 205 201 106 71 95 221 233 226 233 223 105 81 80 70 38 21 84 221 238 207 166 146 106 87 132 186 207 213 218 218 229 240 244 249 184 124 203 212 195 196 226 192 175 211 162 78 49 45 49 54 147 211 201 209 202 179 142 110 134
26 198 253 253 254 169 15 1 40 213 254 251 245 220 164 80 79 121 128 104 80 93 191 214 201 188 156 124 95 71 39 44 84 131 172 187 192 206 230 116 81 89 202 237 228 235 206 79 68 66 56 65 133 243 252 244 210 156 113 82 78 107 184 224 236 241 228 204 228 252 253 175 78 172 238 227 212 207 235 197 198 144 49 33 53 58 50 86 220 208 200 174 140 107 91 95
61 244 246 253 240 83 11 25 116 251 251 255 237 189 142 103 131 131 93 76 57 63 182 231 208 184 144 104 75 69 87 138 197 230 237 237 238 239 246 119 74 84 173 236 211 203 168 68 49 59 95 168 239 252 251 242 172 104 78 71 46 48 185 249 249 243 244 235 223 235 248 168 96 175 246 239 240 232 228 208 110 32 1 6 45 39 17 38 203 204 181 160 139 118 117 113
159 249 242 242 182 46 10 26 186 253 250 253 227 166 150 126 138 105 57 63 56 55 169 228 188 164 168 185 208 227 229 216 211 225 246 249 236 232 239 122 97 118 157 233 210 188 186 112 99 147 190 204 237 253 255 211 82 53 56 27 11 47 221 255 251 236 239 253 238 209 220 199 118 180 232 249 247 252 227 128 11 1 1 1 18 8 4 33 177 200 215 234 241 233 211 183
239 249 249 244 159 42 1 38 245 250 253 255 221 165 150 125 119 86 49 54 65 63 130 198 178 184 216 247 255 254 249 238 214 193 203 216 213 208 231 165 150 157 134 176 226 200 229 212 155 176 205 200 222 244 164 42 1 1 1 9 62 105 230 252 250 237 243 250 249 232 199 200 134 167 221 250 236 201 107 68 8 1 1 55 65 52 46 47 169 205 215 240 254 252 251 253
255 252 252 235 110 13 1 97 246 242 253 251 214 169 125 102 107 67 34 36 58 61 85 194 226 233 232 239 251 255 246 215 240 206 179 186 204 202 176 140 149 154 110 135 228 236 236 250 167 179 209 199 167 120 36 1 1 1 41 96 125 112 223 244 250 247 248 237 240 235 220 216 190 128 196 236 229 148 54 36 1 1 95 179 142 114 79 51 139 202 178 181 199 237 255 244
253 255 251 202 73 22 9 140 227 219 228 249 222 151 90 72 87 48 26 39 53 52 63 194 234 235 226 209 216 241 252 208 206 235 191 177 166 133 78 44 46 103 153 146 220 255 242 239 158 165 209 194 72 26 37 17 24 81 128 116 78 102 224 235 241 250 255 236 223 201 239 241 211 96 190 235 241 196 104 75 58 100 205 212 140 94 59 26 77 200 179 173 183 198 221 250
240 252 243 169 95 63 39 182 239 226 201 187 203 130 64 58 83 51 31 44 41 43 72 196 226 224 229 217 203 208 240 227 195 224 218 154 112 74 57 64 83 146 203 184 235 254 244 134 49 44 54 21 1 1 40 44 81 105 74 47 70 164 241 246 250 246 243 247 212 197 241 251 195 100 199 242 238 198 84 96 159 208 237 206 94 52 32 15 55 211 193 181 179 172 162 165
236 245 243 152 108 56 34 204 245 247 234 197 171 123 56 58 68 41 22 30 38 48 84 182 215 209 225 236 232 218 230 245 209 200 221 234 188 136 139 166 179 181 173 207 247 242 108 12 10 11 16 10 1 17 52 47 61 67 54 82 159 232 253 252 251 254 252 254 217 216 234 248 205 127 201 244 242 189 82 114 190 231 242 170 54 43 34 29 54 190 199 186 184 183 177 164
243 241 250 123 41 1 21 211 230 233 244 241 219 157 76 61 57 38 21 41 49 42 70 168 216 204 206 217 232 228 229 250 222 208 213 231 243 238 240 235 225 217 205 216 234 156 16 27 79 71 70 72 64 85 87 40 44 75 98 171 237 254 248 253 239 254 253 254 222 232 237 223 173 116 198 248 250 169 98 159 218 240 229 123 44 37 41 53 58 139 214 198 206 214 216 205
240 233 216 20 1 1 65 235 239 228 223 237 245 189 83 48 45 29 16 32 30 26 72 202 240 227 219 218 230 234 229 239 240 218 224 226 230 237 248 244 224 217 230 235 242 114 22 81 132 153 152 115 109 110 51 7 41 107 154 227 254 254 248 252 232 254 249 249 250 229 216 183 105 108 182 221 201 149 155 212 222 187 79 24 2 6 40 76 49 76 199 182 192 203 192 170
248 240 179 22 11 35 143 251 252 251 236 225 239 153 24 1 1 1 1 1 4 28 98 224 240 235 226 217 214 209 193 183 203 232 236 235 236 239 225 211 223 222 236 234 246 100 43 140 179 185 152 129 160 98 16 14 80 161 212 249 253 254 251 248 244 255 255 254 242 232 200 73 8 71 87 63 90 139 198 224 170 51 18 17 1 5 55 81 34 44 179 183 182 182 141 103
252 254 200 101 54 47 158 246 245 253 248 250 241 130 4 1 1 1 1 1 17 55 146 240 242 222 199 191 187 175 155 134 130 165 230 245 245 253 238 190 192 220 247 232 236 79 56 146 152 111 77 87 97 37 26 77 174 237 245 253 254 254 253 250 255 252 249 249 232 241 112 1 1 1 1 23 82 95 93 81 33 23 50 32 4 14 54 63 49 48 150 196 162 131 106 87
245 249 191 80 33 53 145 244 235 251 249 248 249 117 11 1 3 1 1 22 57 94 196 252 255 251 225 185 175 176 166 157 151 145 152 163 174 196 221 227 191 205 236 254 218 38 58 124 108 85 94 92 55 29 59 122 217 253 247 247 255 253 252 251 250 252 253 247 231 147 1 1 1 1 45 84 102 92 58 17 1 4 1 1 1 32 67 70 62 37 108 202 154 118 100 84
244 185 120 82 78 76 118 248 244 249 250 231 131 5 1 1 1 1 10 55 91 128 223 248 253 244 235 226 167 161 181 202 207 191 141 79 72 97 109 119 173 244 235 233 112 17 97 150 141 145 162 147 108 99 115 150 212 234 247 249 249 243 241 239 220 186 178 176 133 1 1 1 1 93 166 162 108 80 63 29 8 1 1 1 74 157 172 141 81 53 111 219 207 209 214 219
153 137 148 163 116 54 87 243 243 241 249 118 1 1 1 1 1 1 6 52 109 176 243 252 244 255 208 206 211 167 174 192 191 150 83 53 66 81 86 81 100 154 219 159 39 65 156 185 189 176 169 115 64 91 125 177 221 231 222 239 239 233 221 197 167 147 127 117 90 1 1 1 52 169 193 120 47 58 88 77 55 52 56 139 226 212 172 116 75 72 131 229 235 242 255 249
109 112 99 102 60 45 117 240 244 216 189 66 1 1 1 1 1 1 10 56 154 238 253 252 254 251 234 166 210 203 155 144 110 48 35 69 105 108 96 90 107 123 132 113 46 122 194 179 164 126 93 46 37 87 120 200 232 241 234 245 246 243 242 212 177 158 153 160 142 24 2 63 114 168 147 51 37 100 139 149 142 155 191 238 252 223 126 86 67 51 124 222 228 210 211 234
112 93 77 76 72 108 168 232 246 226 212 88 1 12 6 1 32 43 40 86 199 242 251 252 250 254 250 202 154 200 186 136 93 82 146 205 227 219 170 138 147 150 129 124 113 149 172 99 72 52 62 82 84 103 139 210 226 236 232 215 221 251 234 213 207 196 204 207 192 89 58 138 154 141 111 75 91 163 198 193 192 209 225 245 255 225 115 77 45 29 115 232 245 238 194 153
144 133 149 150 155 167 178 208 224 215 175 51 14 31 31 54 94 74 46 90 199 225 225 246 250 233 249 246 148 130 211 214 222 246 255 255 255 249 224 232 218 215 213 207 165 84 52 31 104 154 178 179 142 131 150 168 193 214 219 208 201 212 232 199 198 236 252 252 253 150 124 191 165 109 105 106 121 192 219 203 205 219 226 244 254 212 84 22 8 25 123 246 249 254 250 246
157 138 146 151 174 185 194 214 226 222 170 78 73 65 48 51 66 39 26 83 210 234 217 219 254 201 238 241 181 104 145 246 249 255 255 255 255 249 210 238 251 236 241 239 166 39 34 96 189 197 198 213 178 124 105 99 167 200 201 215 224 212 213 202 196 246 255 253 247 105 118 202 143 68 87 118 148 209 227 215 210 214 227 243 244 117 1 1 1 15 148 244 241 254 240 247
141 162 136 120 163 196 208 226 237 240 204 144 150 110 57 45 55 42 31 76 214 232 223 210 230 218 212 253 223 110 98 235 227 235 239 241 246 252 223 232 253 247 238 234 176 61 100 177 199 181 166 151 76 20 51 114 178 208 174 152 153 165 160 150 178 212 192 160 103 1 18 90 80 48 93 144 163 214 238 226 210 207 226 224 150 13 1 1 1 45 215 244 235 249 247 241
142 196 157 111 156 204 214 222 223 202 152 122 143 92 38 39 51 54 34 63 218 225 218 210 210 240 220 251 222 90 59 211 231 239 239 224 218 236 244 237 247 255 254 242 161 51 106 169 179 151 89 53 50 86 170 193 182 212 229 187 136 131 136 148 155 122 86 73 28 1 3 82 93 76 118 162 185 222 229 184 127 114 129 82 7 1 1 1 20 149 248 246 236 239 253 244
177 197 136 60 93 142 150 123 105 74 47 50 39 9 3 24 37 31 16 46 203 209 189 185 189 217 249 249 173 48 38 203 235 240 250 250 240 226 239 251 247 252 230 168 95 47 106 157 147 97 64 135 221 220 218 198 183 213 197 185 211 197 203 202 183 132 113 95 44 3 31 92 83 55 66 99 161 183 117 34 1 1 7 1 1 1 1 15 107 226 253 247 232 226 232 253
196 147 59 1 8 29 32 19 32 30 37 61 44 44 60 66 44 20 12 36 183 224 206 194 188 201 236 244 115 55 55 213 237 238 243 247 252 253 248 242 227 144 61 70 105 103 145 161 119 110 160 231 249 238 216 178 187 209 141 139 228 232 224 237 217 114 104 117 84 52 69 87 55 30 18 25 44 29 1 1 1 1 16 17 10 16 45 117 219 247 247 255 238 213 201 203
231 203 146 80 75 63 42 34 37 30 39 64 76 107 120 88 33 5 1 25 187 239 232 218 202 202 215 222 97 64 57 209 235 238 241 239 240 249 254 250 162 55 71 151 204 188 168 144 129 178 216 239 250 245 207 155 159 126 68 134 222 236 216 203 152 54 103 137 106 88 106 109 86 65 45 46 42 24 1 1 21 67 95 80 68 69 110 215 250 248 240 235 251 247 231 215
234 238 233 165 95 73 100 115 97 81 68 64 61 68 62 39 1 1 1 27 205 238 238 240 237 229 224 233 138 81 61 200 233 236 252 251 239 227 234 211 59 47 123 199 220 215 168 142 165 208 220 236 244 216 129 82 59 36 68 200 246 246 233 195 116 51 95 106 84 76 77 81 99 95 86 93 83 71 54 72 131 160 170 133 123 153 215 251 253 250 244 228 225 252 252 253
238 241 247 182 55 50 114 147 146 123 106 110 87 47 24 8 1 1 1 71 227 237 239 244 246 246 246 253 175 82 60 180 236 221 240 252 254 252 235 128 2 22 87 140 155 163 181 175 184 205 214 235 225 154 105 73 41 64 164 249 254 244 244 232 132 44 64 93 91 80 66 75 85 68 83 104 111 124 143 172 197 213 212 165 178 231 247 254 254 252 253 233 219 254 252 255
225 236 233 147 36 57 130 145 120 60 51 72 47 7 1 1 1 1 8 145 241 235 233 232 236 243 247 253 163 50 66 169 247 222 230 251 255 252 210 103 34 43 88 119 125 126 156 196 183 192 223 234 191 143 131 82 84 150 231 253 254 251 229 177 84 48 107 155 160 151 134 154 141 98 101 114 130 148 204 228 225 243 231 187 186 202 233 255 255 252 246 247 219 252 252 255
