data/topography.asc
NCOLS 166 
NROWS 110 
XLLCORNER 695400 
YLLCORNER 4730600 
CELLSIZE 200 
NODATA_value 0 
[rows 45 to 89 of 110, columns 0 to 95 of 166]
183 172 145 106 58 74 130 98 27 1 9 13 1 1 1 2 1 8 67 203 243 235 228 217 204 207 212 206 122 58 105 169 249 243 242 249 251 197 76 56 36 24 81 145 149 151 150 142 114 120 180 203 152 115 97 81 134 205 244 254 252 252 181 73 41 71 151 186 188 172 157 160 130 135 156 154 164 185 237 250 233 251 249 205 176 146 192 246 250 253 244 242 247 247 254 254
125 107 70 69 50 28 19 1 1 1 1 20 25 61 112 146 139 137 158 219 230 213 199 184 168 159 158 168 181 138 137 171 245 247 240 228 155 37 1 17 4 1 66 155 171 166 147 121 84 70 87 97 103 88 94 125 196 238 236 245 250 174 33 12 51 114 161 167 156 125 113 112 95 135 167 165 181 207 235 244 246 250 252 233 129 65 159 237 236 252 249 244 245 254 253 236
93 61 46 75 33 1 1 1 1 1 17 73 149 208 213 206 194 174 174 204 242 200 163 157 159 152 154 177 214 203 159 176 239 253 242 162 34 1 1 1 1 5 69 139 153 129 110 114 100 70 83 123 163 163 153 185 236 249 234 226 194 74 48 96 147 188 187 159 165 164 156 152 147 161 179 176 175 206 219 219 237 248 249 235 112 39 150 232 228 239 246 247 235 238 204 41
74 46 35 39 1 1 1 1 1 54 104 198 235 224 217 218 202 156 152 178 208 221 180 149 142 151 160 160 163 192 190 177 233 250 239 141 37 4 8 1 10 42 84 120 126 114 119 127 98 75 135 205 231 229 188 207 244 249 223 170 96 101 162 188 215 228 187 153 193 201 171 165 175 176 197 197 177 212 226 213 198 216 241 211 75 16 123 219 202 190 198 241 242 151 1 1
79 49 32 21 1 1 1 1 54 140 180 247 251 222 204 218 200 139 122 143 166 208 228 215 183 159 145 134 135 160 202 195 218 238 206 98 30 14 21 22 81 150 195 215 204 174 147 128 112 146 219 239 238 182 123 185 230 233 204 138 114 157 203 211 242 234 152 171 215 183 125 137 163 172 191 188 176 206 225 212 182 159 151 91 33 18 117 216 190 164 162 185 167 8 1 1
153 131 128 105 23 1 12 53 175 224 221 253 254 222 187 217 194 129 105 124 142 182 233 245 230 183 156 151 154 145 132 154 159 162 129 40 1 1 21 86 209 249 244 238 232 227 216 199 196 223 243 241 210 46 32 98 127 132 154 162 155 185 224 228 240 210 135 203 213 106 69 120 134 151 169 162 187 194 200 202 182 160 126 85 62 49 129 216 215 202 184 160 75 1 1 2
207 215 216 183 103 90 133 203 249 235 206 244 255 215 196 225 185 114 95 110 117 152 207 201 192 175 156 159 154 116 76 72 51 78 105 11 1 1 57 193 250 255 249 232 210 223 240 241 242 242 236 215 117 8 58 116 90 52 53 74 120 197 236 240 225 179 163 167 93 30 60 117 129 166 179 170 203 173 151 171 157 154 136 109 80 68 154 228 234 237 235 220 142 28 55 71
210 227 229 192 145 151 176 229 247 239 193 223 248 214 224 222 164 111 91 94 110 136 202 181 177 176 173 156 136 102 91 102 84 105 116 7 1 21 159 246 253 252 252 231 201 213 239 238 232 244 240 184 63 11 73 124 96 47 30 25 38 80 111 115 125 157 126 60 62 98 113 147 180 209 200 159 171 132 103 135 140 146 127 105 82 72 161 222 233 241 232 199 137 63 77 86
204 227 243 219 167 168 178 225 252 248 195 208 231 216 220 186 130 92 71 74 115 120 167 230 225 208 202 156 111 77 79 94 84 75 57 1 1 102 232 249 254 255 251 220 185 198 236 236 228 239 204 83 23 21 72 108 76 15 6 24 31 31 32 46 82 118 93 96 142 151 159 190 213 214 177 106 117 132 112 136 159 161 142 129 110 101 166 187 176 146 93 64 53 36 46 75
213 223 238 235 178 151 166 214 212 180 181 213 217 182 154 106 92 83 67 88 119 97 159 249 250 232 222 186 121 82 81 76 60 45 43 32 35 164 240 244 248 253 245 202 188 212 243 238 231 202 104 38 29 32 44 61 35 1 17 44 45 45 50 61 80 107 150 172 146 166 199 189 190 155 98 87 120 137 121 137 181 178 143 129 131 143 186 184 141 87 61 74 79 45 49 84
217 216 235 207 108 73 110 165 171 186 212 208 167 109 91 95 102 97 85 98 86 68 159 243 252 237 212 220 211 200 180 155 128 117 132 116 103 218 240 242 243 247 240 196 204 225 241 222 183 104 61 61 49 29 26 42 43 58 123 173 164 128 104 87 81 97 124 149 153 201 193 145 138 121 123 120 100 91 115 153 182 175 132 122 133 146 173 179 161 141 140 151 124 75 103 118
211 211 217 173 122 117 150 178 188 203 212 188 160 150 164 156 112 92 78 51 24 53 188 245 247 244 202 210 218 217 225 230 218 209 198 137 149 232 238 242 243 244 242 213 214 207 175 69 18 24 38 45 24 2 29 107 177 226 247 240 216 215 197 135 111 114 115 121 140 153 127 119 137 131 113 73 60 107 162 180 179 167 149 134 135 149 161 163 162 151 144 137 103 99 135 120
219 213 207 162 134 136 175 215 236 229 228 229 221 205 181 111 69 90 72 26 22 122 244 250 245 240 215 215 215 208 225 229 219 215 177 119 199 231 229 224 221 227 236 198 139 42 1 1 1 1 1 3 5 3 71 210 252 252 250 243 200 182 194 197 184 162 146 143 141 128 119 85 69 52 31 51 112 176 191 178 169 149 138 132 147 163 153 147 139 108 101 106 116 139 136 104
204 200 199 166 140 143 194 233 243 229 225 235 225 192 131 50 53 103 69 30 68 212 250 248 245 242 222 206 198 215 231 214 204 191 126 138 224 227 217 202 202 215 199 68 1 1 1 1 1 1 1 1 1 31 157 242 248 255 252 247 204 171 175 179 207 196 158 156 184 191 152 94 78 70 69 143 193 198 189 169 157 131 120 135 150 146 126 118 111 96 110 131 153 154 118 92
191 187 178 144 144 150 188 225 228 208 200 203 185 159 88 18 39 89 48 39 143 244 248 239 239 235 199 168 158 173 173 157 157 120 73 152 212 214 217 219 214 193 76 1 1 1 1 1 1 1 3 27 58 146 227 243 232 242 251 245 223 177 171 160 147 192 180 167 179 206 184 130 103 106 146 211 216 199 195 176 139 121 126 135 152 157 144 128 124 124 128 132 136 119 76 63
187 221 157 85 167 176 169 201 199 196 203 185 160 141 62 11 52 73 30 73 213 250 245 234 221 201 182 171 154 147 118 89 71 48 58 164 208 201 195 195 183 135 4 1 1 1 1 1 17 134 198 220 236 251 249 245 228 220 236 243 229 152 145 158 121 161 212 203 193 203 200 157 128 133 193 227 217 189 174 139 95 106 114 119 144 154 152 153 153 135 124 124 109 77 54 63
69 121 92 68 220 195 118 170 198 200 198 193 195 159 72 40 74 47 43 168 239 247 238 239 216 184 168 141 121 121 115 99 75 66 86 171 193 167 144 140 128 93 1 1 1 1 1 46 175 249 244 238 243 243 247 243 238 228 236 244 208 112 162 208 143 130 205 235 230 241 235 188 153 153 205 212 187 147 118 81 63 84 89 102 121 136 151 170 170 139 140 135 106 75 67 87
126 115 83 144 241 155 39 103 213 240 202 195 185 133 86 62 55 22 98 244 249 242 225 231 225 200 154 116 114 126 145 154 149 144 137 165 144 115 119 125 120 90 1 1 1 1 63 188 248 253 252 245 242 227 237 252 253 248 250 254 204 151 223 236 157 107 180 255 248 253 238 169 157 179 189 154 100 88 93 76 61 72 84 111 160 188 202 203 193 166 160 137 117 117 113 125
145 136 122 152 191 77 9 153 249 250 215 203 181 135 94 47 17 36 183 254 243 206 165 217 226 190 163 170 194 206 211 207 193 183 172 180 163 144 142 139 126 70 1 1 1 67 204 253 255 255 255 250 235 221 237 250 253 251 249 243 199 178 226 233 139 89 175 244 254 251 233 128 123 121 55 35 48 70 79 59 49 82 127 187 224 216 210 197 181 164 157 143 132 140 159 187
196 171 158 153 125 20 32 246 253 243 227 195 147 164 114 25 20 114 234 248 250 192 106 186 231 181 160 208 243 234 214 210 207 197 165 132 166 174 166 161 121 14 1 1 31 163 248 254 252 252 252 248 226 218 243 251 255 251 244 250 218 199 236 231 78 83 196 241 248 230 212 89 52 63 51 71 88 93 71 44 65 131 205 240 236 213 203 188 167 157 131 134 147 149 175 193
246 234 216 198 142 74 184 252 251 229 231 180 113 135 54 1 33 161 238 245 243 182 119 165 212 165 163 227 249 251 210 199 218 213 165 90 100 160 166 161 96 1 1 10 82 224 242 246 253 253 250 241 216 219 244 250 254 239 186 147 165 204 184 101 60 127 199 210 199 200 170 51 17 83 116 127 121 106 60 60 133 191 240 248 220 190 197 182 170 139 93 119 158 171 172 148
255 230 185 178 165 202 254 250 228 130 152 178 98 27 1 1 36 218 250 242 202 185 176 160 153 157 193 235 240 236 233 201 217 209 171 77 60 115 169 124 31 4 32 68 170 233 241 240 224 220 228 235 231 234 237 241 248 241 228 224 234 231 138 92 130 149 161 171 184 177 115 9 1 74 134 152 136 105 75 123 200 218 246 243 195 179 200 200 178 106 77 128 168 181 172 165
254 251 202 165 163 216 239 231 92 67 105 127 33 1 1 7 145 254 253 252 198 190 197 160 126 144 195 225 241 237 238 231 217 194 158 53 11 46 125 91 24 34 58 107 200 203 205 221 216 177 131 122 178 239 248 241 242 222 228 255 255 235 132 128 158 143 170 182 180 139 76 34 50 117 107 75 68 56 70 168 225 234 248 242 206 192 211 212 144 66 73 147 194 181 172 198
252 237 201 195 202 229 205 55 93 177 184 147 34 1 1 65 245 253 255 245 203 200 214 182 139 138 178 218 220 240 251 225 193 168 92 1 1 17 119 176 153 123 118 179 227 211 203 229 247 240 221 192 165 160 199 247 251 207 204 243 214 133 129 167 158 148 177 170 165 149 153 169 165 167 144 137 141 102 111 207 239 248 251 237 208 190 189 161 91 61 91 183 211 169 164 199
230 224 174 92 98 92 5 1 125 231 232 166 71 16 14 133 253 249 255 234 194 206 233 200 137 131 169 220 215 205 195 106 57 5 1 1 1 30 177 229 179 106 159 224 241 242 230 242 253 252 247 247 246 220 196 206 206 77 72 121 70 36 119 198 160 133 141 155 172 192 225 201 148 142 156 181 189 160 164 222 242 244 247 253 215 182 148 104 83 72 121 210 213 168 171 192
104 107 104 80 116 64 1 23 168 231 250 148 92 34 47 194 250 244 250 233 190 209 221 163 78 66 112 134 108 82 30 2 1 1 1 1 1 131 213 175 76 47 185 245 248 246 234 227 199 209 241 249 244 253 250 224 148 9 41 92 57 56 137 182 177 121 122 174 209 233 246 188 73 118 196 212 190 160 168 189 217 231 223 208 212 161 106 70 54 65 153 226 210 175 170 175
30 43 58 117 172 98 31 111 237 239 255 148 77 46 105 220 246 248 247 231 171 180 153 94 58 91 140 118 127 66 1 1 1 1 1 37 164 240 194 67 25 90 227 243 234 219 181 110 69 112 153 177 202 232 233 191 75 9 54 92 63 88 158 154 109 91 145 208 228 242 233 141 93 166 228 224 176 178 184 140 170 224 236 212 153 67 27 4 14 83 195 238 198 151 154 182
72 99 122 170 131 2 32 189 237 236 247 117 61 76 126 208 236 251 248 155 29 34 44 19 2 67 142 135 147 32 1 1 19 45 106 207 250 239 87 11 63 187 213 181 148 113 81 66 66 112 114 82 103 128 105 61 32 18 34 59 71 138 170 112 44 45 115 196 218 239 225 143 142 175 239 229 154 187 171 75 162 234 224 221 145 39 1 1 32 127 209 233 193 149 172 196
86 130 167 152 19 1 64 184 195 189 153 30 80 157 145 174 215 253 254 76 9 50 61 9 1 36 62 43 52 25 58 127 157 190 222 236 238 171 15 1 97 205 187 140 109 78 65 62 88 129 103 82 112 93 33 17 34 31 23 56 104 138 127 77 61 67 81 79 64 89 104 99 90 112 195 197 156 158 80 55 211 241 187 159 107 32 19 49 112 175 216 230 209 159 169 168
104 107 101 61 1 2 103 159 147 110 48 2 129 251 190 140 196 246 242 79 40 111 140 80 35 76 55 19 34 76 148 189 190 186 210 224 150 30 1 9 105 196 214 226 219 200 158 119 133 144 122 108 96 49 9 16 26 19 21 62 103 99 76 54 57 60 64 54 37 63 67 35 17 20 48 70 121 124 59 128 229 203 97 76 43 16 64 128 164 204 237 238 192 144 157 157
174 158 123 53 1 1 27 94 105 60 20 26 136 182 194 123 219 254 231 35 29 132 166 131 81 88 99 110 133 133 165 231 247 209 189 75 1 1 1 12 77 173 229 255 226 216 211 219 242 154 82 60 37 11 10 24 16 13 17 30 54 57 38 17 14 23 49 71 80 98 78 43 27 9 33 82 106 122 90 132 124 44 17 13 20 61 141 178 196 233 250 234 186 182 187 181
231 234 228 131 24 13 46 81 62 37 52 81 125 119 80 65 117 133 46 1 103 178 164 142 100 87 112 149 177 191 234 253 254 210 54 2 3 30 55 55 79 202 224 237 255 241 210 171 181 209 159 86 37 19 26 25 25 35 39 44 60 62 46 34 37 53 71 76 83 94 73 44 30 27 71 121 122 119 70 18 5 16 31 42 87 133 177 195 213 248 252 221 177 197 186 173
249 247 241 141 64 103 158 152 107 83 96 115 142 146 136 98 99 79 1 34 218 229 190 154 93 68 88 128 191 231 253 254 252 110 9 12 13 51 88 64 101 237 227 200 181 208 252 196 149 157 160 187 184 169 139 106 101 108 120 128 129 132 143 158 170 164 137 106 93 90 71 62 77 96 126 166 172 150 60 5 31 70 101 141 175 179 201 208 233 254 252 211 182 192 156 139
231 239 219 75 30 73 98 114 145 165 171 178 189 184 164 124 120 47 13 108 144 145 206 197 57 30 71 137 192 223 249 249 93 1 1 1 1 1 1 1 81 210 203 196 196 197 211 252 165 168 158 150 163 187 205 227 228 218 225 230 225 230 241 241 237 233 232 218 178 139 111 121 143 147 168 208 222 213 134 86 115 151 184 205 208 201 223 228 245 252 243 192 166 147 112 117
245 243 194 35 19 43 40 82 139 177 206 213 204 181 155 121 57 1 44 133 120 99 108 143 47 16 101 175 184 205 241 117 1 1 1 1 1 1 1 14 109 193 200 215 227 227 224 250 209 183 172 143 158 157 147 199 230 232 245 249 240 237 245 242 233 234 240 228 204 201 189 183 175 175 197 223 233 237 194 152 168 185 201 216 216 216 233 232 240 247 222 145 122 120 96 101
254 249 169 34 44 62 57 120 156 154 159 153 134 132 119 64 1 1 84 139 148 171 186 157 52 16 145 212 181 182 155 23 2 28 9 2 11 26 47 100 191 219 214 206 201 196 191 202 250 221 173 134 143 112 94 186 227 224 239 250 249 238 238 234 220 233 240 225 200 200 210 216 214 212 221 227 226 234 203 143 152 172 185 185 198 225 242 248 246 195 126 135 146 97 46 77
177 170 138 57 67 81 80 120 157 143 132 121 118 110 54 13 1 1 113 141 172 216 220 108 32 21 112 194 212 189 76 33 74 94 86 51 25 47 72 118 202 220 216 217 216 203 183 165 179 239 211 133 111 82 106 198 221 202 217 240 245 246 234 221 213 233 234 221 203 194 201 216 227 230 238 241 241 237 144 56 58 66 58 48 79 116 132 150 132 57 62 122 101 6 1 90
77 102 144 107 66 85 93 110 169 172 156 138 103 52 1 1 5 84 214 240 251 238 126 7 29 24 32 88 114 129 51 40 97 102 79 38 22 57 78 122 208 223 221 215 211 202 190 176 158 161 219 149 83 90 144 198 191 149 176 231 231 244 246 206 194 216 222 217 198 198 203 202 220 234 245 251 253 223 69 35 48 40 29 28 45 59 65 71 34 1 19 52 45 1 3 118
167 190 200 152 68 98 91 81 132 185 177 134 69 42 28 54 99 206 237 247 247 158 7 1 29 44 43 112 126 107 58 1 17 16 7 6 4 29 53 115 215 233 234 225 216 212 215 220 219 201 202 197 72 99 179 222 177 106 131 219 246 247 255 196 142 189 216 219 209 208 209 194 207 231 242 247 238 97 21 46 77 96 123 129 99 82 70 52 13 1 16 53 84 25 30 144
254 255 254 201 107 117 75 60 110 178 172 104 70 104 140 193 228 241 226 187 47 5 1 1 54 75 74 143 149 123 91 1 1 1 1 1 1 10 35 124 226 240 248 251 248 246 245 245 249 251 249 218 56 71 165 227 197 127 139 181 235 247 246 173 98 172 219 231 219 201 207 192 195 223 226 217 150 22 44 97 128 144 156 147 86 89 101 75 41 24 32 47 52 29 75 140
253 253 243 164 109 105 57 64 106 152 165 115 149 203 218 234 240 237 217 114 24 31 23 35 91 99 82 123 131 118 143 51 1 1 1 1 1 1 20 169 244 245 243 244 246 247 245 241 247 250 251 162 43 59 124 196 235 201 170 189 218 236 236 143 75 147 217 235 214 185 190 193 196 219 233 218 132 69 124 142 129 109 110 95 27 44 101 87 69 55 50 58 48 54 97 101
253 248 102 22 33 55 55 68 73 100 142 171 233 250 252 253 244 221 187 90 58 71 63 71 99 81 69 100 108 111 140 69 1 18 34 24 3 1 57 216 246 243 229 216 213 211 202 201 217 234 250 153 82 103 167 252 254 225 173 231 247 252 252 148 76 127 186 212 211 182 181 203 200 219 243 233 166 140 141 107 78 59 81 54 12 64 123 108 108 112 118 128 111 109 103 87
232 119 9 1 1 16 25 31 48 79 133 200 233 248 255 253 254 254 221 93 59 64 86 121 124 67 62 96 104 106 119 72 1 1 1 1 1 25 149 252 254 255 246 230 213 215 220 224 235 237 241 182 125 154 194 233 247 208 177 238 245 249 251 194 123 128 148 167 185 179 185 218 210 226 246 225 139 109 71 49 56 68 92 52 56 149 170 159 165 163 153 144 149 147 116 88
75 25 3 1 1 21 4 9 50 74 138 221 232 240 251 255 251 246 185 81 75 96 132 160 112 40 78 134 133 115 114 79 1 1 1 1 1 45 244 249 249 247 252 253 249 247 248 239 213 165 117 99 158 213 215 227 234 194 218 234 235 250 239 212 193 125 119 161 168 151 163 209 200 202 212 138 36 14 17 44 75 83 89 83 126 201 189 168 193 203 188 165 185 196 176 140
90 44 33 13 32 49 19 12 28 51 132 223 223 221 226 242 253 247 142 67 69 72 97 114 45 19 127 190 172 133 123 94 1 1 1 1 19 198 249 245 251 248 246 249 251 251 235 193 129 85 44 42 92 176 217 197 187 219 239 179 32 36 27 3 25 1 1 87 186 176 171 193 145 72 67 47 10 19 61 84 81 72 103 135 171 217 205 181 201 209 203 179 202 210 177 180
